   1.2740000e-01   1.6654925e+01
   1.2740000e-01   1.6654925e+01
   1.2766179e-01   1.6637831e+01
   1.2770559e-01   1.6617149e+01
   1.2787955e-01   1.6610985e+01
   1.2791996e-01   1.6592715e+01
   1.2802461e-01   1.6579672e+01
   1.2816559e-01   1.6562381e+01
   1.2816559e-01   1.6562381e+01
   1.2835260e-01   1.6534165e+01
   1.2850568e-01   1.6520840e+01
   1.2874038e-01   1.6512792e+01
   1.2874054e-01   1.6486916e+01
   1.2891884e-01   1.6474363e+01
   1.2900033e-01   1.6463676e+01
   1.2908765e-01   1.6458103e+01
   1.2915717e-01   1.6447158e+01
   1.2926724e-01   1.6419922e+01
   1.2949648e-01   1.6405376e+01
   1.2963784e-01   1.6379804e+01
   1.2966914e-01   1.6375397e+01
   1.2991533e-01   1.6353378e+01
   1.2997278e-01   1.6337229e+01
   1.3039316e-01   1.6324113e+01
   1.3041215e-01   1.6287314e+01
   1.3046789e-01   1.6283069e+01
   1.3059165e-01   1.6261797e+01
   1.3096849e-01   1.6237549e+01
   1.3099118e-01   1.6236143e+01
   1.3126195e-01   1.6172597e+01
   1.3142831e-01   1.6162532e+01
   1.3159237e-01   1.6141008e+01
   1.3173325e-01   1.6126423e+01
   1.3184687e-01   1.6109012e+01
   1.3207299e-01   1.6105135e+01
   1.3210132e-01   1.6073321e+01
   1.3230671e-01   1.6069822e+01
   1.3231362e-01   1.6048369e+01
   1.3236420e-01   1.6045302e+01
   1.3264503e-01   1.6020307e+01
   1.3270217e-01   1.6012204e+01
   1.3291298e-01   1.5974311e+01
   1.3320915e-01   1.5963673e+01
   1.3338119e-01   1.5953371e+01
   1.3342213e-01   1.5914664e+01
   1.3364626e-01   1.5905657e+01
   1.3383333e-01   1.5890178e+01
   1.3398627e-01   1.5885440e+01
   1.3401396e-01   1.5848668e+01
   1.3423099e-01   1.5842681e+01
   1.3446441e-01   1.5822077e+01
   1.3451893e-01   1.5818865e+01
   1.3459700e-01   1.5777781e+01
   1.3464645e-01   1.5776866e+01
   1.3498759e-01   1.5754921e+01
   1.3502702e-01   1.5752618e+01
   1.3513901e-01   1.5715937e+01
   1.3547526e-01   1.5705454e+01
   1.3553055e-01   1.5672734e+01
   1.3553055e-01   1.5672734e+01
   1.3571061e-01   1.5653101e+01
   1.3585229e-01   1.5650742e+01
   1.3589579e-01   1.5633199e+01
   1.3589579e-01   1.5633199e+01
   1.3610116e-01   1.5612051e+01
   1.3616207e-01   1.5608558e+01
   1.3651016e-01   1.5560715e+01
   1.3667530e-01   1.5549154e+01
   1.3695024e-01   1.5509978e+01
   1.3713039e-01   1.5502714e+01
   1.3721748e-01   1.5480710e+01
   1.3749162e-01   1.5467853e+01
   1.3761305e-01   1.5436309e+01
   1.3778759e-01   1.5433792e+01
   1.3791704e-01   1.5403194e+01
   1.3808277e-01   1.5384611e+01
   1.3824247e-01   1.5377625e+01
   1.3858025e-01   1.5371064e+01
   1.3866777e-01   1.5352352e+01
   1.3866777e-01   1.5352352e+01
   1.3881291e-01   1.5309269e+01
   1.3896724e-01   1.5306993e+01
   1.3898799e-01   1.5292028e+01
   1.3912085e-01   1.5278370e+01
   1.3924843e-01   1.5258074e+01
   1.3924843e-01   1.5258074e+01
   1.3940355e-01   1.5243299e+01
   1.3940355e-01   1.5243299e+01
   1.3973932e-01   1.5207744e+01
   1.3976487e-01   1.5207375e+01
   1.4007395e-01   1.5189615e+01
   1.4007395e-01   1.5189615e+01
   1.4013639e-01   1.5163514e+01
   1.4018081e-01   1.5161111e+01
   1.4033975e-01   1.5145546e+01
   1.4059642e-01   1.5141880e+01
   1.4070504e-01   1.5103828e+01
   1.4106247e-01   1.5083036e+01
   1.4106247e-01   1.5083036e+01
   1.4107436e-01   1.5062742e+01
   1.4153557e-01   1.5056263e+01
   1.4155922e-01   1.5013352e+01
   1.4175799e-01   1.5010585e+01
   1.4177647e-01   1.4990679e+01
   1.4189263e-01   1.4980547e+01
   1.4206913e-01   1.4971236e+01
   1.4234192e-01   1.4955481e+01
   1.4243190e-01   1.4952134e+01
   1.4247618e-01   1.4916032e+01
   1.4292501e-01   1.4909907e+01
   1.4297081e-01   1.4866776e+01
   1.4318561e-01   1.4851701e+01
   1.4328105e-01   1.4850415e+01
   1.4333473e-01   1.4831590e+01
   1.4334099e-01   1.4831267e+01
   1.4378215e-01   1.4808478e+01
   1.4386258e-01   1.4807197e+01
   1.4389564e-01   1.4784436e+01
   1.4389564e-01   1.4784436e+01
   1.4430754e-01   1.4766849e+01
   1.4430754e-01   1.4736928e+01
   1.4438127e-01   1.4733164e+01
   1.4467285e-01   1.4705474e+01
   1.4487785e-01   1.4672084e+01
   1.4498826e-01   1.4668395e+01
   1.4511369e-01   1.4653254e+01
   1.4536507e-01   1.4650249e+01
   1.4538651e-01   1.4622221e+01
   1.4561205e-01   1.4610700e+01
   1.4581279e-01   1.4591986e+01
   1.4621367e-01   1.4572598e+01
   1.4621367e-01   1.4572598e+01
   1.4628097e-01   1.4538265e+01
   1.4646735e-01   1.4537661e+01
   1.4667785e-01   1.4504325e+01
   1.4693237e-01   1.4490081e+01
   1.4703257e-01   1.4459427e+01
   1.4729236e-01   1.4446664e+01
   1.4755798e-01   1.4439854e+01
   1.4775116e-01   1.4428630e+01
   1.4777292e-01   1.4389855e+01
   1.4796845e-01   1.4382325e+01
   1.4822858e-01   1.4370302e+01
   1.4853793e-01   1.4356640e+01
   1.4878022e-01   1.4297615e+01
   1.4878022e-01   1.4297615e+01
   1.4913102e-01   1.4263209e+01
   1.4927852e-01   1.4257320e+01
   1.4955801e-01   1.4242819e+01
   1.4973452e-01   1.4234407e+01
   1.4983088e-01   1.4211835e+01
   1.4983088e-01   1.4211835e+01
   1.4988001e-01   1.4192990e+01
   1.4992609e-01   1.4186926e+01
   1.5014989e-01   1.4162961e+01
   1.5028609e-01   1.4149975e+01
   1.5034140e-01   1.4146207e+01
   1.5057669e-01   1.4124426e+01
   1.5057669e-01   1.4124426e+01
   1.5072557e-01   1.4109668e+01
   1.5072557e-01   1.4109668e+01
   1.5094236e-01   1.4089693e+01
   1.5139746e-01   1.4084448e+01
   1.5158146e-01   1.4073003e+01
   1.5169300e-01   1.4021934e+01
   1.5171374e-01   1.4019977e+01
   1.5199975e-01   1.4006139e+01
   1.5201820e-01   1.4005924e+01
   1.5209922e-01   1.3983269e+01
   1.5233557e-01   1.3978263e+01
   1.5253543e-01   1.3969100e+01
   1.5270306e-01   1.3947111e+01
   1.5291978e-01   1.3940529e+01
   1.5303273e-01   1.3909129e+01
   1.5310283e-01   1.3905944e+01
   1.5314757e-01   1.3893109e+01
   1.5337343e-01   1.3890612e+01
   1.5343885e-01   1.3869935e+01
   1.5358195e-01   1.3868360e+01
   1.5359936e-01   1.3848443e+01
   1.5372733e-01   1.3838914e+01
   1.5388698e-01   1.3823033e+01
   1.5400687e-01   1.3818226e+01
   1.5423596e-01   1.3791448e+01
   1.5441561e-01   1.3789504e+01
   1.5456705e-01   1.3772821e+01
   1.5456705e-01   1.3772821e+01
   1.5467844e-01   1.3755354e+01
   1.5516428e-01   1.3746263e+01
   1.5524521e-01   1.3703425e+01
   1.5548535e-01   1.3692212e+01
   1.5566581e-01   1.3666841e+01
   1.5588358e-01   1.3657288e+01
   1.5604874e-01   1.3645994e+01
   1.5638634e-01   1.3630148e+01
   1.5638634e-01   1.3630148e+01
   1.5644672e-01   1.3601389e+01
   1.5662833e-01   1.3600936e+01
   1.5665484e-01   1.3585912e+01
   1.5704892e-01   1.3582699e+01
   1.5709548e-01   1.3568247e+01
   1.5709548e-01   1.3566831e+01
   1.5730620e-01   1.3529312e+01
   1.5758025e-01   1.3518586e+01
   1.5768037e-01   1.3496887e+01
   1.5797138e-01   1.3490867e+01
   1.5804863e-01   1.3471152e+01
   1.5841147e-01   1.3467415e+01
   1.5841711e-01   1.3432908e+01
   1.5845982e-01   1.3431097e+01
   1.5863716e-01   1.3412775e+01
   1.5863716e-01   1.3412775e+01
   1.5884114e-01   1.3397999e+01
   1.5920901e-01   1.3388643e+01
   1.5945698e-01   1.3345757e+01
   1.5956715e-01   1.3341314e+01
   1.5987707e-01   1.3311379e+01
   1.6007022e-01   1.3308981e+01
   1.6022895e-01   1.3286446e+01
   1.6028053e-01   1.3280755e+01
   1.6045394e-01   1.3263911e+01
   1.6081434e-01   1.3260151e+01
   1.6108834e-01   1.3237741e+01
   1.6109479e-01   1.3237680e+01
   1.6117111e-01   1.3206921e+01
   1.6137103e-01   1.3196692e+01
   1.6153416e-01   1.3179080e+01
   1.6170538e-01   1.3172159e+01
   1.6198734e-01   1.3141788e+01
   1.6220843e-01   1.3133888e+01
   1.6240927e-01   1.3104390e+01
   1.6271286e-01   1.3095901e+01
   1.6282237e-01   1.3075214e+01
   1.6319632e-01   1.3062533e+01
   1.6347866e-01   1.3059932e+01
   1.6363836e-01   1.3042479e+01
   1.6364593e-01   1.3042176e+01
   1.6365381e-01   1.3005711e+01
   1.6370781e-01   1.3003565e+01
   1.6393943e-01   1.2983101e+01
   1.6403183e-01   1.2981475e+01
   1.6425894e-01   1.2959189e+01
   1.6431156e-01   1.2956310e+01
   1.6455451e-01   1.2936791e+01
   1.6455451e-01   1.2936791e+01
   1.6503174e-01   1.2912825e+01
   1.6513610e-01   1.2911896e+01
   1.6541426e-01   1.2883485e+01
   1.6579163e-01   1.2873444e+01
   1.6612813e-01   1.2816453e+01
   1.6627140e-01   1.2807868e+01
   1.6646124e-01   1.2798107e+01
   1.6657551e-01   1.2779988e+01
   1.6685835e-01   1.2766743e+01
   1.6711575e-01   1.2756306e+01
   1.6724757e-01   1.2731147e+01
   1.6724757e-01   1.2731147e+01
   1.6773250e-01   1.2692298e+01
   1.6801447e-01   1.2684829e+01
   1.6802444e-01   1.2671928e+01
   1.6825646e-01   1.2654674e+01
   1.6834068e-01   1.2653968e+01
   1.6847067e-01   1.2637884e+01
   1.6849901e-01   1.2635894e+01
   1.6872977e-01   1.2619764e+01
   1.6872977e-01   1.2619764e+01
   1.6901441e-01   1.2598829e+01
   1.6940913e-01   1.2595564e+01
   1.6953711e-01   1.2575816e+01
   1.6953711e-01   1.2575816e+01
   1.6965274e-01   1.2560660e+01
   1.6968817e-01   1.2552798e+01
   1.6985852e-01   1.2541751e+01
   1.7003455e-01   1.2527338e+01
   1.7003455e-01   1.2527338e+01
   1.7028626e-01   1.2511851e+01
   1.7040349e-01   1.2500946e+01
   1.7099995e-01   1.2479476e+01
   1.7104195e-01   1.2448818e+01
   1.7131597e-01   1.2441062e+01
   1.7141129e-01   1.2422377e+01
   1.7182654e-01   1.2410139e+01
   1.7194794e-01   1.2387099e+01
   1.7218721e-01   1.2374838e+01
   1.7262532e-01   1.2358201e+01
   1.7273428e-01   1.2357349e+01
   1.7297973e-01   1.2311113e+01
   1.7313062e-01   1.2305825e+01
   1.7348518e-01   1.2293232e+01
   1.7348782e-01   1.2276634e+01
   1.7384821e-01   1.2263896e+01
   1.7409789e-01   1.2252844e+01
   1.7409853e-01   1.2232211e+01
   1.7434025e-01   1.2218218e+01
   1.7443071e-01   1.2217534e+01
   1.7453085e-01   1.2202325e+01
   1.7480041e-01   1.2197120e+01
   1.7484783e-01   1.2181974e+01
   1.7490379e-01   1.2180025e+01
   1.7507490e-01   1.2164940e+01
   1.7515857e-01   1.2164316e+01
   1.7533721e-01   1.2149112e+01
   1.7538211e-01   1.2148618e+01
   1.7559799e-01   1.2129222e+01
   1.7579561e-01   1.2127748e+01
   1.7583551e-01   1.2113002e+01
   1.7591271e-01   1.2109874e+01
   1.7612733e-01   1.2092749e+01
   1.7613009e-01   1.2092729e+01
   1.7640009e-01   1.2073770e+01
   1.7678391e-01   1.2060675e+01
   1.7700637e-01   1.2053126e+01
   1.7758368e-01   1.2033442e+01
   1.7797490e-01   1.2020143e+01
   1.7871005e-01   1.1995802e+01
   1.7921949e-01   1.1978049e+01
   1.7967847e-01   1.1962649e+01
   1.8017391e-01   1.1946055e+01
   1.8043325e-01   1.1937345e+01
   1.8079696e-01   1.1925176e+01
   1.8125805e-01   1.1909786e+01
   1.8179858e-01   1.1891878e+01
   1.8204936e-01   1.1883634e+01
   1.8273655e-01   1.1860837e+01
   1.8305257e-01   1.1850470e+01
   1.8315033e-01   1.1847172e+01
   1.8345718e-01   1.1837034e+01
   1.8402948e-01   1.1818836e+01
   1.8436387e-01   1.1811969e+01
   1.8462190e-01   1.1798865e+01
   1.8501429e-01   1.1786019e+01
   1.8540534e-01   1.1773297e+01
   1.8572268e-01   1.1762989e+01
   1.8620876e-01   1.1748738e+01
   1.8693248e-01   1.1724005e+01
   1.8759166e-01   1.1702645e+01
   1.8803709e-01   1.1690540e+01
   1.8829578e-01   1.1680014e+01
   1.8889530e-01   1.1660785e+01
   1.8907236e-01   1.1655248e+01
   1.8954818e-01   1.1639991e+01
   1.8979351e-01   1.1632273e+01
   1.9011174e-01   1.1622180e+01
   1.9076737e-01   1.1601368e+01
   1.9149402e-01   1.1578506e+01
   1.9186123e-01   1.1566929e+01
   1.9204455e-01   1.1561197e+01
   1.9257503e-01   1.1544509e+01
   1.9279954e-01   1.1537493e+01
   1.9329550e-01   1.1522079e+01
   1.9376934e-01   1.1507336e+01
   1.9414200e-01   1.1495715e+01
   1.9447806e-01   1.1485352e+01
   1.9481784e-01   1.1474785e+01
   1.9504269e-01   1.1467808e+01
   1.9532471e-01   1.1459110e+01
   1.9561225e-01   1.1450340e+01
   1.9618528e-01   1.1432648e+01
   1.9663270e-01   1.1421764e+01
   1.9692479e-01   1.1410088e+01
   1.9736333e-01   1.1396642e+01
   1.9758243e-01   1.1389958e+01
   1.9823263e-01   1.1370154e+01
   1.9875323e-01   1.1354447e+01
   1.9895828e-01   1.1348244e+01
   1.9978088e-01   1.1329073e+01
   1.9989847e-01   1.1319939e+01
   2.0038864e-01   1.1305175e+01
   2.0095312e-01   1.1288264e+01
   2.0124367e-01   1.1279508e+01
   2.0167741e-01   1.1266623e+01
   2.0228180e-01   1.1249136e+01
   2.0248647e-01   1.1242548e+01
   2.0304721e-01   1.1225980e+01
   2.0351404e-01   1.1212099e+01
   2.0398808e-01   1.1198161e+01
   2.0459225e-01   1.1180451e+01
   2.0502479e-01   1.1167731e+01
   2.0532122e-01   1.1159203e+01
   2.0582761e-01   1.1144215e+01
   2.0614435e-01   1.1135096e+01
   2.0654732e-01   1.1123341e+01
   2.0681602e-01   1.1115555e+01
   2.0759996e-01   1.1092811e+01
   2.0807513e-01   1.1079135e+01
   2.0829619e-01   1.1072744e+01
   2.0880795e-01   1.1058037e+01
   2.0894187e-01   1.1054189e+01
   2.0949030e-01   1.1038531e+01
   2.0964614e-01   1.1034011e+01
   2.0997440e-01   1.1024700e+01
   2.1053206e-01   1.1008784e+01
   2.1097726e-01   1.0996155e+01
   2.1150143e-01   1.0981577e+01
   2.1202454e-01   1.0966575e+01
   2.1247041e-01   1.0954112e+01
   2.1287990e-01   1.0942612e+01
   2.1366346e-01   1.0920447e+01
   2.1386388e-01   1.0915103e+01
   2.1429916e-01   1.0902786e+01
   2.1466524e-01   1.0892400e+01
   2.1605358e-01   1.0853885e+01
   2.1637561e-01   1.0844959e+01
   2.1720910e-01   1.0821983e+01
   2.1762096e-01   1.0813280e+01
   2.1800846e-01   1.0801183e+01
   2.1851740e-01   1.0786148e+01
   2.1860418e-01   1.0783779e+01
   2.1906815e-01   1.0771143e+01
   2.1935764e-01   1.0763657e+01
   2.1967775e-01   1.0754607e+01
   2.2036221e-01   1.0736068e+01
   2.2063709e-01   1.0728635e+01
   2.2096873e-01   1.0719630e+01
   2.2115623e-01   1.0714545e+01
   2.2165328e-01   1.0701176e+01
   2.2194099e-01   1.0693461e+01
   2.2250584e-01   1.0678343e+01
   2.2298191e-01   1.0665574e+01
   2.2398713e-01   1.0638798e+01
   2.2477091e-01   1.0618074e+01
   2.2509836e-01   1.0610221e+01
   2.2560261e-01   1.0596576e+01
   2.2648963e-01   1.0572737e+01
   2.2686477e-01   1.0562937e+01
   2.2751882e-01   1.0545782e+01
   2.2769506e-01   1.0541170e+01
   2.2828136e-01   1.0525962e+01
   2.2874192e-01   1.0513974e+01
   2.2947345e-01   1.0495011e+01
   2.3001133e-01   1.0481265e+01
   2.3034021e-01   1.0472665e+01
   2.3073652e-01   1.0462422e+01
   2.3123259e-01   1.0449928e+01
   2.3161294e-01   1.0439967e+01
   2.3214867e-01   1.0426268e+01
   2.3235760e-01   1.0420970e+01
   2.3267667e-01   1.0413363e+01
   2.3309593e-01   1.0402171e+01
   2.3344564e-01   1.0393322e+01
   2.3386329e-01   1.0382694e+01
   2.3447824e-01   1.0367204e+01
   2.3501568e-01   1.0353638e+01
   2.3539447e-01   1.0344250e+01
   2.3602848e-01   1.0328342e+01
   2.3667244e-01   1.0312157e+01
   2.3716458e-01   1.0299940e+01
   2.3775189e-01   1.0285229e+01
   2.3818779e-01   1.0274376e+01
   2.3867523e-01   1.0262860e+01
   2.3952159e-01   1.0241522e+01
   2.4031404e-01   1.0222242e+01
   2.4048893e-01   1.0217983e+01
   2.4134835e-01   1.0196730e+01
   2.4199185e-01   1.0180964e+01
   2.4287225e-01   1.0162678e+01
   2.4316906e-01   1.0152520e+01
   2.4399692e-01   1.0132499e+01
   2.4437751e-01   1.0123271e+01
   2.4489658e-01   1.0110966e+01
   2.4547553e-01   1.0096979e+01
   2.4550703e-01   1.0096217e+01
   2.4616911e-01   1.0080346e+01
   2.4657982e-01   1.0070588e+01
   2.4681301e-01   1.0065027e+01
   2.4770384e-01   1.0043885e+01
   2.4818251e-01   1.0032530e+01
   2.4876448e-01   1.0018952e+01
   2.4892989e-01   1.0014920e+01
   2.4940815e-01   1.0003731e+01
   2.4988806e-01   9.9930041e+00
   2.5062130e-01   9.9752825e+00
   2.5075119e-01   9.9721965e+00
   2.5125119e-01   9.9605371e+00
   2.5159896e-01   9.9524775e+00
   2.5193262e-01   9.9457905e+00
   2.5229467e-01   9.9368756e+00
   2.5243768e-01   9.9330123e+00
   2.5307255e-01   9.9183190e+00
   2.5343347e-01   9.9110833e+00
   2.5377029e-01   9.9025270e+00
   2.5434978e-01   9.8890679e+00
   2.5481624e-01   9.8785949e+00
   2.5519564e-01   9.8696192e+00
   2.5562552e-01   9.8597186e+00
   2.5621486e-01   9.8463306e+00
   2.5661169e-01   9.8372215e+00
   2.5709806e-01   9.8267825e+00
   2.5728767e-01   9.8221037e+00
   2.5786123e-01   9.8089066e+00
   2.5787243e-01   9.8088612e+00
   2.5849487e-01   9.7946238e+00
   2.5914338e-01   9.7801836e+00
   2.5958851e-01   9.7700908e+00
   2.6039326e-01   9.7520834e+00
   2.6063776e-01   9.7465904e+00
   2.6114488e-01   9.7354537e+00
   2.6201629e-01   9.7159532e+00
   2.6302381e-01   9.6936674e+00
   2.6415932e-01   9.6693046e+00
   2.6502140e-01   9.6498538e+00
   2.6543169e-01   9.6408937e+00
   2.6627177e-01   9.6225523e+00
   2.6721775e-01   9.6020440e+00
   2.6750202e-01   9.5959629e+00
   2.6829588e-01   9.5791730e+00
   2.6880643e-01   9.5678185e+00
   2.6946734e-01   9.5536155e+00
   2.6999508e-01   9.5425983e+00
   2.7058325e-01   9.5301560e+00
   2.7110600e-01   9.5189359e+00
   2.7168720e-01   9.5062684e+00
   2.7206810e-01   9.4982111e+00
   2.7236081e-01   9.4920182e+00
   2.7300940e-01   9.4784669e+00
   2.7332026e-01   9.4717360e+00
   2.7371139e-01   9.4635852e+00
   2.7441952e-01   9.4486782e+00
   2.7475523e-01   9.4416596e+00
   2.7519285e-01   9.4324752e+00
   2.7554709e-01   9.4256698e+00
   2.7607985e-01   9.4139618e+00
   2.7676866e-01   9.3996908e+00
   2.7676866e-01   9.3996908e+00
   2.7742721e-01   9.3860670e+00
   2.7752280e-01   9.3846038e+00
   2.7812663e-01   9.3716648e+00
   2.7865769e-01   9.3697586e+00
   2.7917556e-01   9.3504836e+00
   2.7971900e-01   9.3389053e+00
   2.7992084e-01   9.3352576e+00
   2.8063732e-01   9.3201634e+00
   2.8073142e-01   9.3182488e+00
   2.8170974e-01   9.2983433e+00
   2.8224107e-01   9.2875714e+00
   2.8251963e-01   9.2821429e+00
   2.8298084e-01   9.2736608e+00
   2.8356006e-01   9.2609850e+00
   2.8356006e-01   9.2609850e+00
   2.8428361e-01   9.2463905e+00
   2.8431438e-01   9.2462838e+00
   2.8499070e-01   9.2321887e+00
   2.8554617e-01   9.2216113e+00
   2.8620143e-01   9.2081010e+00
   2.8620505e-01   9.2080885e+00
   2.8690634e-01   9.1939831e+00
   2.8741036e-01   9.1840868e+00
   2.8845115e-01   9.1634338e+00
   2.8913686e-01   9.1500634e+00
   2.8916620e-01   9.1493892e+00
   2.8976497e-01   9.1380515e+00
   2.9028054e-01   9.1275483e+00
   2.9077314e-01   9.1197628e+00
   2.9116528e-01   9.1102332e+00
   2.9142790e-01   9.1051611e+00
   2.9197790e-01   9.0950662e+00
   2.9258557e-01   9.0827171e+00
   2.9315226e-01   9.0720068e+00
   2.9431849e-01   9.0492573e+00
   2.9475158e-01   9.0412128e+00
   2.9555925e-01   9.0255436e+00
   2.9640395e-01   9.0093407e+00
   2.9680407e-01   9.0017215e+00
   2.9722479e-01   8.9938799e+00
   2.9756458e-01   8.9873487e+00
   2.9814072e-01   8.9763197e+00
   2.9858318e-01   8.9680045e+00
   2.9927397e-01   8.9549443e+00
   3.0013106e-01   8.9388323e+00
   3.0013106e-01   8.9388323e+00
   3.0080316e-01   8.9262633e+00
   3.0127014e-01   8.9175894e+00
   3.0187564e-01   8.9117974e+00
   3.0242591e-01   8.8960648e+00
   3.0304302e-01   8.8846204e+00
   3.0353103e-01   8.8756200e+00
   3.0414233e-01   8.8642957e+00
   3.0483506e-01   8.8514567e+00
   3.0527798e-01   8.8434292e+00
   3.0583036e-01   8.8332642e+00
   3.0632908e-01   8.8240987e+00
   3.0735586e-01   8.8061125e+00
   3.0739853e-01   8.8047198e+00
   3.0845004e-01   8.7854689e+00
   3.0936444e-01   8.7690577e+00
   3.1007310e-01   8.7562741e+00
   3.1114398e-01   8.7369942e+00
   3.1196213e-01   8.7223062e+00
   3.1246896e-01   8.7134555e+00
   3.1286459e-01   8.7062284e+00
   3.1344437e-01   8.6959618e+00
   3.1504018e-01   8.6676865e+00
   3.1615504e-01   8.6480559e+00
   3.1739259e-01   8.6264060e+00
   3.1774776e-01   8.6202202e+00
   3.1823338e-01   8.6144331e+00
   3.1856963e-01   8.6058785e+00
   3.1942522e-01   8.5915655e+00
   3.1987398e-01   8.5832877e+00
   3.2070104e-01   8.5689593e+00
   3.2159202e-01   8.5536295e+00
   3.2252995e-01   8.5375441e+00
   3.2314546e-01   8.5271068e+00
   3.2383813e-01   8.5152200e+00
   3.2437153e-01   8.5067437e+00
   3.2504146e-01   8.4947857e+00
   3.2519847e-01   8.4921318e+00
   3.2600590e-01   8.4785024e+00
   3.2639555e-01   8.4719023e+00
   3.2722445e-01   8.4587215e+00
   3.2783728e-01   8.4477439e+00
   3.2837970e-01   8.4385961e+00
   3.2871952e-01   8.4329105e+00
   3.2950153e-01   8.4199000e+00
   3.3016234e-01   8.4090209e+00
   3.3086111e-01   8.3973601e+00
   3.3196035e-01   8.3795562e+00
   3.3249152e-01   8.3704739e+00
   3.3290598e-01   8.3636605e+00
   3.3375776e-01   8.3497564e+00
   3.3443472e-01   8.3385825e+00
   3.3511604e-01   8.3275402e+00
   3.3584704e-01   8.3156293e+00
   3.3630430e-01   8.3103580e+00
   3.3705100e-01   8.2974868e+00
   3.3705278e-01   8.2974821e+00
   3.3778409e-01   8.2844836e+00
   3.3829742e-01   8.2771004e+00
   3.3927038e-01   8.2604381e+00
   3.4028179e-01   8.2442866e+00
   3.4106399e-01   8.2317809e+00
   3.4181399e-01   8.2202998e+00
   3.4258310e-01   8.2076399e+00
   3.4327264e-01   8.1968205e+00
   3.4385290e-01   8.1876654e+00
   3.4473615e-01   8.1737414e+00
   3.4525254e-01   8.1656974e+00
   3.4639033e-01   8.1479394e+00
   3.4695801e-01   8.1419930e+00
   3.4734074e-01   8.1331308e+00
   3.4763057e-01   8.1287757e+00
   3.4813043e-01   8.1209388e+00
   3.4935686e-01   8.1019050e+00
   3.5036954e-01   8.0863981e+00
   3.5117306e-01   8.0740737e+00
   3.5208730e-01   8.0601364e+00
   3.5306503e-01   8.0452270e+00
   3.5362612e-01   8.0367009e+00
   3.5490301e-01   8.0173722e+00
   3.5555564e-01   8.0076426e+00
   3.5619324e-01   7.9979835e+00
   3.5707506e-01   7.9847172e+00
   3.5727841e-01   7.9817060e+00
   3.5805614e-01   7.9701784e+00
   3.5873600e-01   7.9603455e+00
   3.5973047e-01   7.9451961e+00
   3.6026267e-01   7.9373307e+00
   3.6114325e-01   7.9243899e+00
   3.6195602e-01   7.9123417e+00
   3.6293616e-01   7.8980152e+00
   3.6387094e-01   7.8848419e+00
   3.6467933e-01   7.8725032e+00
   3.6506390e-01   7.8669860e+00
   3.6565763e-01   7.8582700e+00
   3.6588210e-01   7.8550167e+00
   3.6706004e-01   7.8380145e+00
   3.6749797e-01   7.8317215e+00
   3.6841694e-01   7.8185015e+00
   3.6911895e-01   7.8084877e+00
   3.6947751e-01   7.8033096e+00
   3.7005845e-01   7.7950853e+00
   3.7054495e-01   7.7881074e+00
   3.7102089e-01   7.7813578e+00
   3.7292395e-01   7.7544040e+00
   3.7341768e-01   7.7474537e+00
   3.7466310e-01   7.7299126e+00
   3.7498921e-01   7.7253776e+00
   3.7591631e-01   7.7123442e+00
   3.7660282e-01   7.7027421e+00
   3.7703666e-01   7.6966993e+00
   3.7775677e-01   7.6867681e+00
   3.7839847e-01   7.6778679e+00
   3.7911403e-01   7.6679254e+00
   3.7956225e-01   7.6618841e+00
   3.8058299e-01   7.6477135e+00
   3.8129773e-01   7.6379539e+00
   3.8280742e-01   7.6173851e+00
   3.8367119e-01   7.6055276e+00
   3.8385657e-01   7.6030141e+00
   3.8466641e-01   7.5920299e+00
   3.8514190e-01   7.5856083e+00
   3.8613393e-01   7.5725960e+00
   3.8613393e-01   7.5725960e+00
   3.8706218e-01   7.5601554e+00
   3.8837476e-01   7.5422658e+00
   3.8977181e-01   7.5235984e+00
   3.9069160e-01   7.5114124e+00
   3.9148856e-01   7.5008795e+00
   3.9231731e-01   7.4899431e+00
   3.9248545e-01   7.4877279e+00
   3.9354472e-01   7.4738051e+00
   3.9354472e-01   7.4738051e+00
   3.9463072e-01   7.4596051e+00
   3.9538589e-01   7.4497324e+00
   3.9671880e-01   7.4324187e+00
   3.9692718e-01   7.4297316e+00
   3.9777236e-01   7.4188062e+00
   3.9780158e-01   7.4185144e+00
   3.9870032e-01   7.4067627e+00
   3.9870034e-01   7.4067627e+00
   3.9987911e-01   7.3920598e+00
   4.0037366e-01   7.3853536e+00
   4.0104110e-01   7.3767531e+00
   4.0182658e-01   7.3667183e+00
   4.0238335e-01   7.3596718e+00
   4.0369272e-01   7.3430598e+00
   4.0559203e-01   7.3204619e+00
   4.0559203e-01   7.3204619e+00
   4.0639904e-01   7.3089241e+00
   4.0727356e-01   7.2984541e+00
   4.0823929e-01   7.2859614e+00
   4.0957258e-01   7.2694531e+00
   4.1013790e-01   7.2623355e+00
   4.1079601e-01   7.2547574e+00
   4.1198427e-01   7.2396118e+00
   4.1234619e-01   7.2352055e+00
   4.1315513e-01   7.2256906e+00
   4.1439838e-01   7.2099903e+00
   4.1519525e-01   7.2004484e+00
   4.1592518e-01   7.1914342e+00
   4.1768879e-01   7.1700604e+00
   4.1797757e-01   7.1665677e+00
   4.1893988e-01   7.1549940e+00
   4.1899343e-01   7.1543616e+00
   4.2019592e-01   7.1404314e+00
   4.2108846e-01   7.1305919e+00
   4.2234205e-01   7.1143355e+00
   4.2343413e-01   7.1018713e+00
   4.2370929e-01   7.0981255e+00
   4.2434977e-01   7.0906121e+00
   4.2471946e-01   7.0862062e+00
   4.2539032e-01   7.0783317e+00
   4.2652676e-01   7.0649502e+00
   4.2759592e-01   7.0524913e+00
   4.2912894e-01   7.0345802e+00
   4.3020317e-01   7.0221061e+00
   4.3129224e-01   7.0096044e+00
   4.3269347e-01   6.9934257e+00
   4.3316662e-01   6.9880844e+00
   4.3413142e-01   6.9769866e+00
   4.3550757e-01   6.9617436e+00
   4.3659194e-01   6.9489814e+00
   4.3750395e-01   6.9387203e+00
   4.3820192e-01   6.9307620e+00
   4.3879101e-01   6.9242044e+00
   4.3917919e-01   6.9200223e+00
   4.4021582e-01   6.9081124e+00
   4.4112444e-01   6.8979911e+00
   4.4148196e-01   6.8944319e+00
   4.4216647e-01   6.8867667e+00
   4.4348125e-01   6.8717698e+00
   4.4423310e-01   6.8633829e+00
   4.4536729e-01   6.8508921e+00
   4.4536729e-01   6.8508921e+00
   4.4633283e-01   6.8402765e+00
   4.4719498e-01   6.8312398e+00
   4.4811189e-01   6.8208072e+00
   4.4871626e-01   6.8141580e+00
   4.4991453e-01   6.8012161e+00
   4.5125257e-01   6.7866453e+00
   4.5197202e-01   6.7789444e+00
   4.5286687e-01   6.7693045e+00
   4.5376942e-01   6.7595768e+00
   4.5544931e-01   6.7416816e+00
   4.5597907e-01   6.7358968e+00
   4.5730175e-01   6.7218983e+00
   4.5810601e-01   6.7133320e+00
   4.5866828e-01   6.7073571e+00
   4.5915804e-01   6.7021936e+00
   4.5989827e-01   6.6943943e+00
   4.6083217e-01   6.6847503e+00
   4.6155983e-01   6.6769727e+00
   4.6287119e-01   6.6632714e+00
   4.6369790e-01   6.6548552e+00
   4.6446316e-01   6.6467770e+00
   4.6567736e-01   6.6344801e+00
   4.6670014e-01   6.6235991e+00
   4.6670210e-01   6.6235961e+00
   4.6840683e-01   6.6060885e+00
   4.6976973e-01   6.5922698e+00
   4.7078078e-01   6.5818354e+00
   4.7164568e-01   6.5730713e+00
   4.7235854e-01   6.5658884e+00
   4.7320902e-01   6.5572499e+00
   4.7381487e-01   6.5511352e+00
   4.7481348e-01   6.5410998e+00
   4.7656702e-01   6.5235587e+00
   4.7700787e-01   6.5190926e+00
   4.7810562e-01   6.5082258e+00
   4.7906700e-01   6.4986801e+00
   4.8052622e-01   6.4841939e+00
   4.8214399e-01   6.4682845e+00
   4.8346616e-01   6.4553059e+00
   4.8348482e-01   6.4552794e+00
   4.8509357e-01   6.4403476e+00
   4.8576092e-01   6.4329803e+00
   4.8656618e-01   6.4252338e+00
   4.8839733e-01   6.4078886e+00
   4.8941475e-01   6.3985519e+00
   4.8942583e-01   6.3975310e+00
   4.9051221e-01   6.3875359e+00
   4.9146248e-01   6.3780643e+00
   4.9333020e-01   6.3602828e+00
   4.9370054e-01   6.3568113e+00
   4.9437914e-01   6.3502724e+00
   4.9550301e-01   6.3398179e+00
   4.9628550e-01   6.3323838e+00
   4.9721415e-01   6.3236047e+00
   4.9794614e-01   6.3167125e+00
   4.9866494e-01   6.3100606e+00
   4.9947851e-01   6.3023947e+00
   5.0075443e-01   6.2905109e+00
   5.0179738e-01   6.2808272e+00
   5.0283010e-01   6.2712966e+00
   5.0410897e-01   6.2633242e+00
   5.0488121e-01   6.2524384e+00
   5.0609543e-01   6.2417404e+00
   5.0629032e-01   6.2395356e+00
   5.0774863e-01   6.2261979e+00
   5.0861252e-01   6.2183885e+00
   5.0965316e-01   6.2090050e+00
   5.1032126e-01   6.2029506e+00
   5.1084913e-01   6.1985243e+00
   5.1235183e-01   6.1846467e+00
   5.1341493e-01   6.1751027e+00
   5.1400551e-01   6.1698056e+00
   5.1498909e-01   6.1610832e+00
   5.1562583e-01   6.1553053e+00
   5.1619806e-01   6.1503584e+00
   5.1777922e-01   6.1362413e+00
   5.1928564e-01   6.1230047e+00
   5.2123376e-01   6.1058963e+00
   5.2166434e-01   6.1022269e+00
   5.2344898e-01   6.0865439e+00
   5.2450882e-01   6.0773313e+00
   5.2733470e-01   6.0529487e+00
   5.2893658e-01   6.0394506e+00
   5.3030029e-01   6.0275733e+00
   5.3117669e-01   6.0200573e+00
   5.3320126e-01   6.0084959e+00
   5.3401943e-01   5.9959570e+00
   5.3492330e-01   5.9883140e+00
   5.3662458e-01   5.9745262e+00
   5.3759395e-01   5.9660603e+00
   5.3887606e-01   5.9554940e+00
   5.4073766e-01   5.9409465e+00
   5.4167108e-01   5.9320735e+00
   5.4246961e-01   5.9255366e+00
   5.4427193e-01   5.9107137e+00
   5.4440603e-01   5.9105585e+00
   5.4543947e-01   5.9011348e+00
   5.4642114e-01   5.8983591e+00
   5.4699246e-01   5.8884424e+00
   5.4746967e-01   5.8850298e+00
   5.4825372e-01   5.8783936e+00
   5.4858847e-01   5.8754921e+00
   5.4970335e-01   5.8675505e+00
   5.5049320e-01   5.8603492e+00
   5.5079139e-01   5.8578802e+00
   5.5291923e-01   5.8406959e+00
   5.5333041e-01   5.8372990e+00
   5.5519441e-01   5.8224003e+00
   5.5554237e-01   5.8196300e+00
   5.5668028e-01   5.8105907e+00
   5.5745620e-01   5.8044666e+00
   5.5900285e-01   5.8011300e+00
   5.5911346e-01   5.7914029e+00
   5.5949781e-01   5.7883534e+00
   5.6129237e-01   5.7760850e+00
   5.6199112e-01   5.7688441e+00
   5.6377455e-01   5.7550803e+00
   5.6393847e-01   5.7536547e+00
   5.6510467e-01   5.7446229e+00
   5.6604437e-01   5.7373231e+00
   5.6689070e-01   5.7312197e+00
   5.6803697e-01   5.7221284e+00
   5.6947997e-01   5.7109340e+00
   5.7054269e-01   5.7027997e+00
   5.7077951e-01   5.7010565e+00
   5.7209391e-01   5.6909401e+00
   5.7301789e-01   5.6839988e+00
   5.7401767e-01   5.6763651e+00
   5.7493098e-01   5.6694543e+00
   5.7566340e-01   5.6639395e+00
   5.7669205e-01   5.6562167e+00
   5.7695744e-01   5.6542057e+00
   5.7820111e-01   5.6449424e+00
   5.7959823e-01   5.6344826e+00
   5.8038801e-01   5.6286744e+00
   5.8109701e-01   5.6233591e+00
   5.8273534e-01   5.6111983e+00
   5.8360327e-01   5.6047848e+00
   5.8467423e-01   5.5968837e+00
   5.8566525e-01   5.5900502e+00
   5.8623133e-01   5.5865976e+00
   5.8716791e-01   5.5786053e+00
   5.8854220e-01   5.5685828e+00
   5.9023331e-01   5.5563019e+00
   5.9124264e-01   5.5489826e+00
   5.9307859e-01   5.5358126e+00
   5.9424988e-01   5.5273401e+00
   5.9535719e-01   5.5194279e+00
   5.9730079e-01   5.5055305e+00
   5.9804950e-01   5.5002219e+00
   5.9978329e-01   5.4880704e+00
   6.0135729e-01   5.4772077e+00
   6.0236515e-01   5.4698178e+00
   6.0331946e-01   5.4630556e+00
   6.0539980e-01   5.4488826e+00
   6.0613940e-01   5.4433696e+00
   6.0688437e-01   5.4381968e+00
   6.0808050e-01   5.4298919e+00
   6.0933849e-01   5.4211893e+00
   6.0933849e-01   5.4211893e+00
   6.1064300e-01   5.4122096e+00
   6.1138544e-01   5.4072140e+00
   6.1280619e-01   5.3973727e+00
   6.1291194e-01   5.3966502e+00
   6.1435324e-01   5.3869716e+00
   6.1669209e-01   5.3709850e+00
   6.1768728e-01   5.3642634e+00
   6.1899367e-01   5.3553771e+00
   6.1961554e-01   5.3512150e+00
   6.2169676e-01   5.3374051e+00
   6.2234791e-01   5.3329670e+00
   6.2418804e-01   5.3206553e+00
   6.2564824e-01   5.3109686e+00
   6.2735716e-01   5.2997169e+00
   6.2880843e-01   5.2902372e+00
   6.2950555e-01   5.2855628e+00
   6.3128133e-01   5.2739651e+00
   6.3308022e-01   5.2621826e+00
   6.3342086e-01   5.2599825e+00
   6.3455504e-01   5.2526428e+00
   6.3638476e-01   5.2408352e+00
   6.3790264e-01   5.2310424e+00
   6.3876800e-01   5.2254794e+00
   6.4026553e-01   5.2158847e+00
   6.4029332e-01   5.2158606e+00
   6.4335404e-01   5.1963566e+00
   6.4379450e-01   5.1934671e+00
   6.4497635e-01   5.1860574e+00
   6.4527309e-01   5.1844821e+00
   6.4713410e-01   5.1725250e+00
   6.4852451e-01   5.1636769e+00
   6.4981797e-01   5.1556653e+00
   6.5045623e-01   5.1515946e+00
   6.5251841e-01   5.1388893e+00
   6.5363362e-01   5.1349238e+00
   6.5438375e-01   5.1274060e+00
   6.5553630e-01   5.1201749e+00
   6.5680707e-01   5.1124025e+00
   6.5731599e-01   5.1096721e+00
   6.5851599e-01   5.1019351e+00
   6.6094446e-01   5.0871201e+00
   6.6255032e-01   5.0774741e+00
   6.6319966e-01   5.0734300e+00
   6.6446805e-01   5.0657850e+00
   6.6775786e-01   5.0460369e+00
   6.6885493e-01   5.0394925e+00
   6.7002130e-01   5.0325245e+00
   6.7321971e-01   5.0135962e+00
   6.7497439e-01   5.0033031e+00
   6.7630069e-01   4.9955091e+00
   6.7658374e-01   4.9938057e+00
   6.7776259e-01   4.9871867e+00
   6.7875904e-01   4.9811067e+00
   6.7981062e-01   4.9750357e+00
   6.8117412e-01   4.9674753e+00
   6.8276260e-01   4.9643970e+00
   6.8356653e-01   4.9533924e+00
   6.8464498e-01   4.9470754e+00
   6.8594383e-01   4.9396028e+00
   6.8736017e-01   4.9325510e+00
   6.8959259e-01   4.9189242e+00
   6.9059407e-01   4.9132424e+00
   6.9194587e-01   4.9054763e+00
   6.9218122e-01   4.9042645e+00
   6.9367638e-01   4.8963038e+00
   6.9367688e-01   4.8957305e+00
   6.9581853e-01   4.8837641e+00
   6.9711966e-01   4.8764250e+00
   6.9876202e-01   4.8672773e+00
   6.9981346e-01   4.8614118e+00
   7.0119932e-01   4.8554375e+00
   7.0310623e-01   4.8433108e+00
   7.0440007e-01   4.8361880e+00
   7.0479399e-01   4.8339663e+00
   7.0590319e-01   4.8279221e+00
   7.0718717e-01   4.8209628e+00
   7.0768413e-01   4.8182761e+00
   7.0914838e-01   4.8101905e+00
   7.1042327e-01   4.8033115e+00
   7.1228218e-01   4.7932506e+00
   7.1228218e-01   4.7932506e+00
   7.1379313e-01   4.7851229e+00
   7.1425209e-01   4.7826129e+00
   7.1649855e-01   4.7706331e+00
   7.1759651e-01   4.7647394e+00
   7.1873370e-01   4.7586544e+00
   7.2054556e-01   4.7490820e+00
   7.2083168e-01   4.7488810e+00
   7.2240470e-01   4.7392871e+00
   7.2398030e-01   4.7309739e+00
   7.2543984e-01   4.7233080e+00
   7.2699352e-01   4.7151978e+00
   7.2846232e-01   4.7075840e+00
   7.2979577e-01   4.7005968e+00
   7.3144915e-01   4.6920280e+00
   7.3345691e-01   4.6816747e+00
   7.3684351e-01   4.6643263e+00
   7.3896371e-01   4.6577752e+00
   7.4075496e-01   4.6498233e+00
   7.4142556e-01   4.6410432e+00
   7.4381616e-01   4.6289748e+00
   7.4460308e-01   4.6250586e+00
   7.4544149e-01   4.6207813e+00
   7.4634702e-01   4.6162957e+00
   7.4745817e-01   4.6107463e+00
   7.5040527e-01   4.5960483e+00
   7.5177966e-01   4.5892432e+00
   7.5292284e-01   4.5836487e+00
   7.5360967e-01   4.5802471e+00
   7.5490994e-01   4.5738376e+00
   7.5490994e-01   4.5738376e+00
   7.5710469e-01   4.5630859e+00
   7.5710469e-01   4.5630859e+00
   7.5862049e-01   4.5557188e+00
   7.6081998e-01   4.5449781e+00
   7.6218446e-01   4.5383898e+00
   7.6366441e-01   4.5314324e+00
   7.6502482e-01   4.5246908e+00
   7.6652033e-01   4.5175108e+00
   7.6667275e-01   4.5167717e+00
   7.6872405e-01   4.5069537e+00
   7.6902805e-01   4.5055771e+00
   7.7053508e-01   4.4993385e+00
   7.7224673e-01   4.4902770e+00
   7.7420588e-01   4.4809778e+00
   7.7550122e-01   4.4748994e+00
   7.7602966e-01   4.4724106e+00
   7.7752030e-01   4.4654239e+00
   7.7752030e-01   4.4654239e+00
   7.7916630e-01   4.4580939e+00
   7.8011936e-01   4.4533514e+00
   7.8206120e-01   4.4442664e+00
   7.8402631e-01   4.4352418e+00
   7.8547237e-01   4.4285740e+00
   7.8641270e-01   4.4242150e+00
   7.8792408e-01   4.4172702e+00
   7.8901179e-01   4.4123039e+00
   7.9114615e-01   4.4086178e+00
   7.9140263e-01   4.4017316e+00
   7.9256161e-01   4.3970785e+00
   7.9441301e-01   4.3877269e+00
   7.9441319e-01   4.3877268e+00
   7.9709282e-01   4.3756155e+00
   7.9725854e-01   4.3749038e+00
   7.9951891e-01   4.3647735e+00
   8.0072676e-01   4.3593520e+00
   8.0248482e-01   4.3517493e+00
   8.0405480e-01   4.3445923e+00
   8.0504452e-01   4.3402529e+00
   8.0661142e-01   4.3333065e+00
   8.0880506e-01   4.3236378e+00
   8.0979056e-01   4.3193347e+00
   8.1100877e-01   4.3139487e+00
   8.1306209e-01   4.3050360e+00
   8.1518628e-01   4.2958572e+00
   8.1518628e-01   4.2958572e+00
   8.1831378e-01   4.2822808e+00
   8.1959763e-01   4.2767873e+00
   8.2218208e-01   4.2657380e+00
   8.2367338e-01   4.2593489e+00
   8.2647502e-01   4.2474323e+00
   8.2896376e-01   4.2369410e+00
   8.3123407e-01   4.2274513e+00
   8.3330474e-01   4.2187132e+00
   8.3420401e-01   4.2150022e+00
   8.3583457e-01   4.2082578e+00
   8.3642871e-01   4.2057879e+00
   8.3861993e-01   4.1966214e+00
   8.4132366e-01   4.1854773e+00
   8.4310281e-01   4.1781729e+00
   8.4411833e-01   4.1739916e+00
   8.4730611e-01   4.1609938e+00
   8.4811645e-01   4.1577330e+00
   8.5035646e-01   4.1495066e+00
   8.5160780e-01   4.1439327e+00
   8.5301904e-01   4.1379238e+00
   8.5545263e-01   4.1281917e+00
   8.5736680e-01   4.1206745e+00
   8.5923977e-01   4.1131391e+00
   8.6064644e-01   4.1074980e+00
   8.6293727e-01   4.0984305e+00
   8.6387743e-01   4.0947504e+00
   8.6610329e-01   4.0859639e+00
   8.6750937e-01   4.0841790e+00
   8.6842399e-01   4.0771337e+00
   8.6929588e-01   4.0737343e+00
   8.7170218e-01   4.0641485e+00
   8.7289534e-01   4.0595138e+00
   8.7523967e-01   4.0505616e+00
   8.7630225e-01   4.0502288e+00
   8.7710163e-01   4.0433392e+00
   8.7801855e-01   4.0398433e+00
   8.7953555e-01   4.0340418e+00
   8.8101987e-01   4.0291905e+00
   8.8184442e-01   4.0251987e+00
   8.8394119e-01   4.0172784e+00
   8.8520604e-01   4.0124868e+00
   8.8614373e-01   4.0089730e+00
   8.8735260e-01   4.0043564e+00
   8.8865589e-01   3.9998034e+00
   8.8996003e-01   3.9945633e+00
   8.9137353e-01   3.9898166e+00
   8.9297606e-01   3.9832993e+00
   8.9455309e-01   3.9775876e+00
   8.9492115e-01   3.9762904e+00
   8.9728034e-01   3.9673410e+00
   8.9831049e-01   3.9635563e+00
   8.9980811e-01   3.9580453e+00
   9.0162058e-01   3.9513956e+00
   9.0331197e-01   3.9452132e+00
   9.0422733e-01   3.9418451e+00
   9.0540714e-01   3.9375112e+00
   9.0697502e-01   3.9318763e+00
   9.1071177e-01   3.9188437e+00
   9.1230853e-01   3.9125954e+00
   9.1530612e-01   3.9018318e+00
   9.1644642e-01   3.8977656e+00
   9.1803781e-01   3.8920799e+00
   9.1974194e-01   3.8861472e+00
   9.2221719e-01   3.8772888e+00
   9.2379113e-01   3.8717898e+00
   9.2566872e-01   3.8651457e+00
   9.2679263e-01   3.8612056e+00
   9.2845421e-01   3.8554137e+00
   9.2944355e-01   3.8520152e+00
   9.3110805e-01   3.8461476e+00
   9.3453490e-01   3.8343089e+00
   9.3614359e-01   3.8287502e+00
   9.3737191e-01   3.8245439e+00
   9.3884290e-01   3.8194886e+00
   9.4057285e-01   3.8135771e+00
   9.4210371e-01   3.8086638e+00
   9.4487013e-01   3.7990157e+00
   9.4647843e-01   3.7935051e+00
   9.4951641e-01   3.7833902e+00
   9.5134928e-01   3.7771285e+00
   9.5435191e-01   3.7705605e+00
   9.5625161e-01   3.7607802e+00
   9.5876090e-01   3.7524533e+00
   9.5876559e-01   3.7524514e+00
   9.6067465e-01   3.7461422e+00
   9.6167001e-01   3.7429414e+00
   9.6409488e-01   3.7349811e+00
   9.6545298e-01   3.7304853e+00
   9.6714889e-01   3.7249524e+00
   9.6721730e-01   3.7247031e+00
   9.6893685e-01   3.7191311e+00
   9.7057106e-01   3.7138320e+00
   9.7181640e-01   3.7098161e+00
   9.7354715e-01   3.7042277e+00
   9.7626440e-01   3.6954896e+00
   9.7626440e-01   3.6954896e+00
   9.7773925e-01   3.6909139e+00
   9.8047480e-01   3.6820628e+00
   9.8149242e-01   3.6787868e+00
   9.8321912e-01   3.6733488e+00
   9.8581153e-01   3.6651101e+00
   9.8765769e-01   3.6593206e+00
   9.8915461e-01   3.6546752e+00
   9.8974619e-01   3.6527887e+00
   9.9200030e-01   3.6457434e+00
   9.9200030e-01   3.6457434e+00
   9.9389232e-01   3.6397991e+00
   9.9389232e-01   3.6397991e+00
   9.9571591e-01   3.6343294e+00
   9.9648830e-01   3.6317653e+00
   9.9793649e-01   3.6272857e+00
   9.9942240e-01   3.6230052e+00
   1.0017418e+00   3.6155709e+00
   1.0026301e+00   3.6128641e+00
   1.0038293e+00   3.6091981e+00
   1.0047679e+00   3.6063719e+00
   1.0072207e+00   3.5988904e+00
   1.0087755e+00   3.5941159e+00
   1.0103076e+00   3.5894915e+00
   1.0115968e+00   3.5857938e+00
   1.0135052e+00   3.5799962e+00
   1.0139031e+00   3.5786376e+00
   1.0153862e+00   3.5742105e+00
   1.0161651e+00   3.5718516e+00
   1.0181863e+00   3.5658788e+00
   1.0213304e+00   3.5564993e+00
   1.0231453e+00   3.5511551e+00
   1.0247379e+00   3.5463602e+00
   1.0274737e+00   3.5382941e+00
   1.0299576e+00   3.5310605e+00
   1.0313975e+00   3.5267981e+00
   1.0327269e+00   3.5229399e+00
   1.0347351e+00   3.5174035e+00
   1.0364085e+00   3.5122302e+00
   1.0378644e+00   3.5080223e+00
   1.0399441e+00   3.5019989e+00
   1.0429029e+00   3.4935489e+00
   1.0441839e+00   3.4899824e+00
   1.0462717e+00   3.4838992e+00
   1.0479315e+00   3.4792550e+00
   1.0492593e+00   3.4754075e+00
   1.0503033e+00   3.4724197e+00
   1.0512766e+00   3.4696780e+00
   1.0524994e+00   3.4662623e+00
   1.0541039e+00   3.4617427e+00
   1.0560579e+00   3.4562310e+00
   1.0608605e+00   3.4427956e+00
   1.0620399e+00   3.4395418e+00
   1.0645060e+00   3.4327209e+00
   1.0656086e+00   3.4296537e+00
   1.0668650e+00   3.4261908e+00
   1.0684071e+00   3.4219263e+00
   1.0707820e+00   3.4156195e+00
   1.0714098e+00   3.4137112e+00
   1.0738286e+00   3.4072964e+00
   1.0755702e+00   3.4023534e+00
   1.0780764e+00   3.3955537e+00
   1.0780764e+00   3.3955536e+00
   1.0803997e+00   3.3892761e+00
   1.0819191e+00   3.3853079e+00
   1.0825707e+00   3.3835323e+00
   1.0840082e+00   3.3795645e+00
   1.0853770e+00   3.3759514e+00
   1.0865938e+00   3.3727540e+00
   1.0886397e+00   3.3672616e+00
   1.0904164e+00   3.3625307e+00
   1.0919255e+00   3.3585105e+00
   1.0940673e+00   3.3528844e+00
   1.0940679e+00   3.3528842e+00
   1.0972864e+00   3.3443664e+00
   1.0975393e+00   3.3437109e+00
   1.0996521e+00   3.3382103e+00
   1.1017293e+00   3.3327189e+00
   1.1028181e+00   3.3298775e+00
   1.1058646e+00   3.3220042e+00
   1.1075682e+00   3.3178491e+00
   1.1102000e+00   3.3107933e+00
   1.1123590e+00   3.3052713e+00
   1.1160231e+00   3.2959253e+00
   1.1160231e+00   3.2959253e+00
   1.1185035e+00   3.2895350e+00
   1.1190337e+00   3.2882603e+00
   1.1216211e+00   3.2819579e+00
   1.1231159e+00   3.2778766e+00
   1.1253053e+00   3.2723633e+00
   1.1256182e+00   3.2716335e+00
   1.1284647e+00   3.2644209e+00
   1.1290692e+00   3.2629518e+00
   1.1327701e+00   3.2538121e+00
   1.1347435e+00   3.2488297e+00
   1.1373222e+00   3.2424485e+00
   1.1373222e+00   3.2424485e+00
   1.1394417e+00   3.2374643e+00
   1.1394487e+00   3.2374621e+00
   1.1419374e+00   3.2310855e+00
   1.1432089e+00   3.2279707e+00
   1.1454087e+00   3.2226064e+00
   1.1454087e+00   3.2226064e+00
   1.1482287e+00   3.2157687e+00
   1.1494119e+00   3.2128735e+00
   1.1506670e+00   3.2098578e+00
   1.1521065e+00   3.2063800e+00
   1.1542810e+00   3.2012326e+00
   1.1569111e+00   3.1948035e+00
   1.1586926e+00   3.1905686e+00
   1.1598444e+00   3.1877853e+00
   1.1625709e+00   3.1812754e+00
   1.1645384e+00   3.1768688e+00
   1.1672254e+00   3.1702788e+00
   1.1683350e+00   3.1678219e+00
   1.1714889e+00   3.1602713e+00
   1.1714889e+00   3.1602713e+00
   1.1748815e+00   3.1523132e+00
   1.1766879e+00   3.1481704e+00
   1.1795744e+00   3.1414082e+00
   1.1798623e+00   3.1407290e+00
   1.1827245e+00   3.1341152e+00
   1.1843401e+00   3.1306757e+00
   1.1855593e+00   3.1276456e+00
   1.1878227e+00   3.1224010e+00
   1.1878227e+00   3.1224010e+00
   1.1901782e+00   3.1170202e+00
   1.1906843e+00   3.1159382e+00
   1.1921812e+00   3.1124479e+00
   1.1941669e+00   3.1080473e+00
   1.1976017e+00   3.1002021e+00
   1.1996471e+00   3.0955722e+00
   1.2003329e+00   3.0940811e+00
   1.2018837e+00   3.0905420e+00
   1.2024738e+00   3.0892150e+00
   1.2042112e+00   3.0853279e+00
   1.2090077e+00   3.0807366e+00
   1.2090077e+00   3.0748207e+00
   1.2116532e+00   3.0688300e+00
   1.2116532e+00   3.0688300e+00
   1.2137908e+00   3.0640857e+00
   1.2161228e+00   3.0589801e+00
   1.2174767e+00   3.0559765e+00
   1.2187577e+00   3.0531737e+00
   1.2217491e+00   3.0466452e+00
   1.2230821e+00   3.0437652e+00
   1.2248382e+00   3.0399231e+00
   1.2281163e+00   3.0329235e+00
   1.2298376e+00   3.0291440e+00
   1.2312781e+00   3.0260236e+00
   1.2353549e+00   3.0174358e+00
   1.2383083e+00   3.0111936e+00
   1.2383141e+00   3.0111921e+00
   1.2408896e+00   3.0054925e+00
   1.2429237e+00   3.0011931e+00
   1.2441067e+00   2.9987115e+00
   1.2462566e+00   2.9941454e+00
   1.2480275e+00   2.9904317e+00
   1.2499878e+00   2.9863088e+00
   1.2518390e+00   2.9824608e+00
   1.2535193e+00   2.9791727e+00
   1.2549495e+00   2.9759632e+00
   1.2593050e+00   2.9669350e+00
   1.2607429e+00   2.9640512e+00
   1.2633910e+00   2.9585110e+00
   1.2641785e+00   2.9571088e+00
   1.2668605e+00   2.9516073e+00
   1.2684804e+00   2.9483431e+00
   1.2706219e+00   2.9438041e+00
   1.2722843e+00   2.9403677e+00
   1.2755040e+00   2.9338959e+00
   1.2755040e+00   2.9338959e+00
   1.2772988e+00   2.9302716e+00
   1.2793297e+00   2.9261581e+00
   1.2828294e+00   2.9191343e+00
   1.2841337e+00   2.9165149e+00
   1.2867160e+00   2.9113533e+00
   1.2894775e+00   2.9058631e+00
   1.2902725e+00   2.9043061e+00
   1.2924780e+00   2.8999594e+00
   1.2933114e+00   2.8984394e+00
   1.2954167e+00   2.8941543e+00
   1.2985727e+00   2.8879767e+00
   1.3000901e+00   2.8850348e+00
   1.3025102e+00   2.8802588e+00
   1.3046747e+00   2.8760782e+00
   1.3073694e+00   2.8708693e+00
   1.3086303e+00   2.8689048e+00
   1.3101132e+00   2.8655425e+00
   1.3124047e+00   2.8611511e+00
   1.3138829e+00   2.8582789e+00
   1.3167248e+00   2.8528384e+00
   1.3183041e+00   2.8498547e+00
   1.3203254e+00   2.8460060e+00
   1.3220431e+00   2.8427579e+00
   1.3250462e+00   2.8370337e+00
   1.3267005e+00   2.8340555e+00
   1.3288588e+00   2.8298399e+00
   1.3299609e+00   2.8278567e+00
   1.3319102e+00   2.8242020e+00
   1.3338112e+00   2.8205554e+00
   1.3360147e+00   2.8166067e+00
   1.3369415e+00   2.8147573e+00
   1.3393630e+00   2.8102224e+00
   1.3404408e+00   2.8082364e+00
   1.3431787e+00   2.8031842e+00
   1.3469741e+00   2.7962512e+00
   1.3490239e+00   2.7929377e+00
   1.3492545e+00   2.7921100e+00
   1.3512963e+00   2.7882905e+00
   1.3550025e+00   2.7815419e+00
   1.3577027e+00   2.7768959e+00
   1.3583238e+00   2.7755353e+00
   1.3615637e+00   2.7696875e+00
   1.3617475e+00   2.7693566e+00
   1.3648945e+00   2.7636865e+00
   1.3661962e+00   2.7614122e+00
   1.3673446e+00   2.7595319e+00
   1.3699047e+00   2.7547403e+00
   1.3715243e+00   2.7518961e+00
   1.3749123e+00   2.7460643e+00
   1.3781715e+00   2.7427192e+00
   1.3804026e+00   2.7363941e+00
   1.3819918e+00   2.7335311e+00
   1.3839731e+00   2.7299103e+00
   1.3872314e+00   2.7241978e+00
   1.3889716e+00   2.7212060e+00
   1.3900327e+00   2.7195712e+00
   1.3921508e+00   2.7156687e+00
   1.3928823e+00   2.7146263e+00
   1.3948951e+00   2.7109348e+00
   1.3951846e+00   2.7104481e+00
   1.3977843e+00   2.7061486e+00
   1.3988212e+00   2.7043271e+00
   1.4008455e+00   2.7006814e+00
   1.4022825e+00   2.6982359e+00
   1.4032186e+00   2.6966532e+00
   1.4069143e+00   2.6903930e+00
   1.4104318e+00   2.6846044e+00
   1.4124526e+00   2.6810117e+00
   1.4145899e+00   2.6773808e+00
   1.4172018e+00   2.6729954e+00
   1.4187801e+00   2.6703180e+00
   1.4201892e+00   2.6679942e+00
   1.4224112e+00   2.6642790e+00
   1.4245860e+00   2.6606594e+00
   1.4263874e+00   2.6576523e+00
   1.4284596e+00   2.6542713e+00
   1.4295455e+00   2.6524189e+00
   1.4320174e+00   2.6483720e+00
   1.4329736e+00   2.6467797e+00
   1.4352932e+00   2.6430172e+00
   1.4372342e+00   2.6397747e+00
   1.4394999e+00   2.6363193e+00
   1.4399329e+00   2.6354188e+00
   1.4424015e+00   2.6341532e+00
   1.4429761e+00   2.6304148e+00
   1.4444850e+00   2.6279845e+00
   1.4471774e+00   2.6249380e+00
   1.4495521e+00   2.6211426e+00
   1.4499360e+00   2.6196439e+00
   1.4518558e+00   2.6161704e+00
   1.4538692e+00   2.6130099e+00
   1.4554019e+00   2.6103868e+00
   1.4573798e+00   2.6072649e+00
   1.4586252e+00   2.6052692e+00
   1.4613944e+00   2.6008433e+00
   1.4614038e+00   2.6008415e+00
   1.4638294e+00   2.5970703e+00
   1.4638294e+00   2.5970703e+00
   1.4689640e+00   2.5889093e+00
   1.4689642e+00   2.5889092e+00
   1.4715117e+00   2.5848986e+00
   1.4717048e+00   2.5846298e+00
   1.4738604e+00   2.5812089e+00
   1.4757999e+00   2.5784159e+00
   1.4769379e+00   2.5763973e+00
   1.4786999e+00   2.5736632e+00
   1.4817883e+00   2.5688940e+00
   1.4823181e+00   2.5680324e+00
   1.4851079e+00   2.5637319e+00
   1.4880014e+00   2.5592734e+00
   1.4888134e+00   2.5580506e+00
   1.4914946e+00   2.5539378e+00
   1.4933159e+00   2.5511293e+00
   1.4945613e+00   2.5492253e+00
   1.4966804e+00   2.5459947e+00
   1.4967945e+00   2.5458289e+00
   1.4989126e+00   2.5426460e+00
   1.4989126e+00   2.5426460e+00
   1.5026240e+00   2.5369857e+00
   1.5040643e+00   2.5348347e+00
   1.5057179e+00   2.5323226e+00
   1.5074005e+00   2.5297801e+00
   1.5081372e+00   2.5286777e+00
   1.5106615e+00   2.5249234e+00
   1.5131402e+00   2.5212192e+00
   1.5151384e+00   2.5186599e+00
   1.5163170e+00   2.5164744e+00
   1.5200339e+00   2.5109501e+00
   1.5208198e+00   2.5097845e+00
   1.5239204e+00   2.5052882e+00
   1.5261010e+00   2.5020066e+00
   1.5272692e+00   2.5005032e+00
   1.5296081e+00   2.4968731e+00
   1.5296081e+00   2.4968731e+00
   1.5323027e+00   2.4929133e+00
   1.5324713e+00   2.4928841e+00
   1.5345684e+00   2.4896601e+00
   1.5382009e+00   2.4844413e+00
   1.5397428e+00   2.4821009e+00
   1.5429018e+00   2.4775538e+00
   1.5447269e+00   2.4750023e+00
   1.5466342e+00   2.4721704e+00
   1.5483907e+00   2.4696882e+00
   1.5512363e+00   2.4655961e+00
   1.5534580e+00   2.4625071e+00
   1.5560106e+00   2.4587916e+00
   1.5575254e+00   2.4566570e+00
   1.5617238e+00   2.4507255e+00
   1.5624902e+00   2.4496578e+00
   1.5657586e+00   2.4450449e+00
   1.5684945e+00   2.4436109e+00
   1.5705145e+00   2.4383808e+00
   1.5769758e+00   2.4293979e+00
   1.5800523e+00   2.4251673e+00
   1.5816504e+00   2.4229675e+00
   1.5845318e+00   2.4190158e+00
   1.5879014e+00   2.4143790e+00
   1.5901501e+00   2.4112725e+00
   1.5933874e+00   2.4069077e+00
   1.5963665e+00   2.4028171e+00
   1.5963729e+00   2.4028161e+00
   1.5993470e+00   2.3988266e+00
   1.6017847e+00   2.3955520e+00
   1.6048598e+00   2.3936309e+00
   1.6055398e+00   2.3904462e+00
   1.6081106e+00   2.3870376e+00
   1.6099926e+00   2.3844916e+00
   1.6111205e+00   2.3829970e+00
   1.6136674e+00   2.3797888e+00
   1.6143196e+00   2.3787767e+00
   1.6179537e+00   2.3761384e+00
   1.6211346e+00   2.3697212e+00
   1.6211799e+00   2.3696594e+00
   1.6235031e+00   2.3666028e+00
   1.6250265e+00   2.3646150e+00
   1.6274327e+00   2.3614334e+00
   1.6277474e+00   2.3610315e+00
   1.6301825e+00   2.3578529e+00
   1.6323496e+00   2.3550258e+00
   1.6360891e+00   2.3504013e+00
   1.6382927e+00   2.3476160e+00
   1.6410610e+00   2.3438025e+00
   1.6428527e+00   2.3414312e+00
   1.6461272e+00   2.3372783e+00
   1.6476450e+00   2.3352702e+00
   1.6499478e+00   2.3323258e+00
   1.6529102e+00   2.3287749e+00
   1.6555918e+00   2.3251634e+00
   1.6562274e+00   2.3245182e+00
   1.6587611e+00   2.3211365e+00
   1.6611973e+00   2.3180495e+00
   1.6631586e+00   2.3155811e+00
   1.6651628e+00   2.3130560e+00
   1.6706457e+00   2.3061985e+00
   1.6729987e+00   2.3033764e+00
   1.6729987e+00   2.3033764e+00
   1.6753469e+00   2.3004738e+00
   1.6790571e+00   2.2958614e+00
   1.6814723e+00   2.2949467e+00
   1.6840522e+00   2.2896254e+00
   1.6865211e+00   2.2865773e+00
   1.6880272e+00   2.2848253e+00
   1.6894689e+00   2.2829953e+00
   1.6928796e+00   2.2787720e+00
   1.6947368e+00   2.2767997e+00
   1.6953426e+00   2.2757570e+00
   1.6980400e+00   2.2726204e+00
   1.6980400e+00   2.2726204e+00
   1.7008928e+00   2.2690297e+00
   1.7008932e+00   2.2690296e+00
   1.7040011e+00   2.2652826e+00
   1.7066168e+00   2.2621566e+00
   1.7066169e+00   2.2621566e+00
   1.7098667e+00   2.2582719e+00
   1.7119364e+00   2.2557928e+00
   1.7122647e+00   2.2553869e+00
   1.7144012e+00   2.2528434e+00
   1.7158704e+00   2.2510839e+00
   1.7169092e+00   2.2499937e+00
   1.7186909e+00   2.2477407e+00
   1.7202804e+00   2.2458532e+00
   1.7239226e+00   2.2415452e+00
   1.7247743e+00   2.2405379e+00
   1.7266480e+00   2.2399521e+00
   1.7304398e+00   2.2339138e+00
   1.7322378e+00   2.2318153e+00
   1.7349745e+00   2.2285951e+00
   1.7373972e+00   2.2257740e+00
   1.7399182e+00   2.2230420e+00
   1.7419152e+00   2.2205626e+00
   1.7424106e+00   2.2199921e+00
   1.7475063e+00   2.2140691e+00
   1.7495659e+00   2.2116923e+00
   1.7508628e+00   2.2102402e+00
   1.7529656e+00   2.2077936e+00
   1.7543952e+00   2.2061673e+00
   1.7571677e+00   2.2032375e+00
   1.7587655e+00   2.2011901e+00
   1.7601038e+00   2.2000775e+00
   1.7622259e+00   2.1973001e+00
   1.7645707e+00   2.1958462e+00
   1.7655186e+00   2.1950297e+00
   1.7693909e+00   2.1945187e+00
   1.7701858e+00   2.1944147e+00
   1.7724133e+00   2.1941182e+00
   1.7755140e+00   2.1937095e+00
   1.7809069e+00   2.1929933e+00
   1.7840782e+00   2.1925829e+00
   1.7856263e+00   2.1923732e+00
   1.7874277e+00   2.1921360e+00
   1.7927918e+00   2.1914273e+00
   1.7971157e+00   2.1908571e+00
   1.7989231e+00   2.1906162e+00
   1.8029429e+00   2.1900889e+00
   1.8056715e+00   2.1897276e+00
   1.8091681e+00   2.1892768e+00
   1.8098249e+00   2.1891848e+00
   1.8131260e+00   2.1887523e+00
   1.8146128e+00   2.1885526e+00
   1.8163982e+00   2.1883215e+00
   1.8196184e+00   2.1878978e+00
   1.8201854e+00   2.1878230e+00
   1.8231302e+00   2.1874381e+00
   1.8256400e+00   2.1871095e+00
   1.8266377e+00   2.1869753e+00
   1.8285196e+00   2.1867302e+00
   1.8298596e+00   2.1865535e+00
   1.8330382e+00   2.1861372e+00
   1.8338086e+00   2.1860419e+00
   1.8377991e+00   2.1855181e+00
   1.8403399e+00   2.1851860e+00
   1.8406456e+00   2.1851460e+00
   1.8437927e+00   2.1847329e+00
   1.8486275e+00   2.1841025e+00
   1.8528636e+00   2.1835483e+00
   1.8533543e+00   2.1834843e+00
   1.8569942e+00   2.1830102e+00
   1.8593513e+00   2.1827077e+00
   1.8601327e+00   2.1826014e+00
   1.8629956e+00   2.1822322e+00
   1.8629956e+00   2.1822322e+00
   1.8659205e+00   2.1818518e+00
   1.8702451e+00   2.1812897e+00
   1.8711669e+00   2.1811706e+00
   1.8743382e+00   2.1807563e+00
   1.8764015e+00   2.1804885e+00
   1.8818689e+00   2.1797814e+00
   1.8819404e+00   2.1797722e+00
   1.8854101e+00   2.1793948e+00
   1.8863482e+00   2.1791977e+00
   1.8896428e+00   2.1787713e+00
   1.8923759e+00   2.1784175e+00
   1.8954047e+00   2.1780279e+00
   1.8968076e+00   2.1778484e+00
   1.8986089e+00   2.1776117e+00
   1.9014045e+00   2.1772506e+00
   1.9023737e+00   2.1771255e+00
   1.9072162e+00   2.1765038e+00
   1.9102168e+00   2.1761209e+00
   1.9127318e+00   2.1757929e+00
   1.9154814e+00   2.1754392e+00
   1.9165626e+00   2.1753004e+00
   1.9188936e+00   2.1749961e+00
   1.9194645e+00   2.1749227e+00
   1.9240736e+00   2.1743315e+00
   1.9271861e+00   2.1739328e+00
   1.9274778e+00   2.1738959e+00
   1.9306964e+00   2.1734817e+00
   1.9309782e+00   2.1734443e+00
   1.9335195e+00   2.1731200e+00
   1.9346642e+00   2.1729724e+00
   1.9369358e+00   2.1726810e+00
   1.9374772e+00   2.1726116e+00
   1.9417584e+00   2.1720634e+00
   1.9449239e+00   2.1716572e+00
   1.9472412e+00   2.1713606e+00
   1.9530239e+00   2.1706210e+00
   1.9546443e+00   2.1704126e+00
   1.9565828e+00   2.1701644e+00
   1.9584871e+00   2.1699245e+00
   1.9603675e+00   2.1696804e+00
   1.9631916e+00   2.1693197e+00
   1.9657386e+00   2.1689935e+00
   1.9659852e+00   2.1689624e+00
   1.9689118e+00   2.1685927e+00
   1.9699754e+00   2.1684571e+00
   1.9738401e+00   2.1679610e+00
   1.9766046e+00   2.1676089e+00
   1.9785902e+00   2.1673583e+00
   1.9813033e+00   2.1670113e+00
   1.9836905e+00   2.1667111e+00
   1.9877049e+00   2.1662009e+00
   1.9877049e+00   2.1662009e+00
   1.9923444e+00   2.1656118e+00
   1.9939378e+00   2.1654060e+00
   1.9984835e+00   2.1648331e+00
   2.0003096e+00   2.1646016e+00
   2.0019241e+00   2.1643932e+00
   2.0042598e+00   2.1641012e+00
   2.0068194e+00   2.1637768e+00
   2.0110275e+00   2.1633950e+00
   2.0134263e+00   2.1629374e+00
   2.0144880e+00   2.1628032e+00
   2.0166200e+00   2.1625360e+00
   2.0184620e+00   2.1623055e+00
   2.0239085e+00   2.1616148e+00
   2.0250078e+00   2.1614786e+00
   2.0267559e+00   2.1612546e+00
   2.0299673e+00   2.1608527e+00
   2.0319694e+00   2.1606006e+00
   2.0339961e+00   2.1603443e+00
   2.0384508e+00   2.1597835e+00
   2.0400130e+00   2.1595849e+00
   2.0420772e+00   2.1593283e+00
   2.0445974e+00   2.1590085e+00
   2.0473578e+00   2.1586617e+00
   2.0481895e+00   2.1585572e+00
   2.0509547e+00   2.1582130e+00
   2.0552022e+00   2.1576770e+00
   2.0573544e+00   2.1574105e+00
   2.0605226e+00   2.1570100e+00
   2.0653828e+00   2.1564012e+00
   2.0677351e+00   2.1561065e+00
   2.0704234e+00   2.1557720e+00
   2.0739133e+00   2.1553371e+00
   2.0776754e+00   2.1548669e+00
   2.0805358e+00   2.1545152e+00
   2.0847710e+00   2.1539793e+00
   2.0852730e+00   2.1539166e+00
   2.0900799e+00   2.1533174e+00
   2.0910640e+00   2.1531934e+00
   2.0940703e+00   2.1528222e+00
   2.0973733e+00   2.1524093e+00
   2.0988246e+00   2.1522291e+00
   2.1019763e+00   2.1518351e+00
   2.1041710e+00   2.1515660e+00
   2.1079766e+00   2.1510907e+00
   2.1098378e+00   2.1508596e+00
   2.1117349e+00   2.1506229e+00
   2.1146880e+00   2.1502567e+00
   2.1150742e+00   2.1502102e+00
   2.1176293e+00   2.1498931e+00
   2.1193025e+00   2.1496859e+00
   2.1225667e+00   2.1492798e+00
   2.1239758e+00   2.1491073e+00
   2.1257814e+00   2.1488833e+00
   2.1280491e+00   2.1486026e+00
   2.1312292e+00   2.1482076e+00
   2.1325964e+00   2.1480386e+00
   2.1352231e+00   2.1477141e+00
   2.1374826e+00   2.1474360e+00
   2.1382918e+00   2.1473345e+00
   2.1407940e+00   2.1470290e+00
   2.1418097e+00   2.1469023e+00
   2.1449961e+00   2.1465106e+00
   2.1474489e+00   2.1462082e+00
   2.1487573e+00   2.1460464e+00
   2.1518842e+00   2.1456621e+00
   2.1530827e+00   2.1455139e+00
   2.1554335e+00   2.1452292e+00
   2.1604028e+00   2.1446177e+00
   2.1607831e+00   2.1445654e+00
   2.1643352e+00   2.1441268e+00
   2.1670903e+00   2.1437953e+00
   2.1695252e+00   2.1434890e+00
   2.1722950e+00   2.1431479e+00
   2.1734573e+00   2.1431469e+00
   2.1765836e+00   2.1426303e+00
   2.1791221e+00   2.1423186e+00
   2.1829072e+00   2.1418516e+00
   2.1853906e+00   2.1415436e+00
   2.1883040e+00   2.1411868e+00
   2.1883040e+00   2.1411868e+00
   2.1920276e+00   2.1407301e+00
   2.1963721e+00   2.1402002e+00
   2.1984815e+00   2.1399424e+00
   2.2012715e+00   2.1396007e+00
   2.2034506e+00   2.1393389e+00
   2.2073430e+00   2.1388608e+00
   2.2075587e+00   2.1388334e+00
   2.2126295e+00   2.1382153e+00
   2.2153464e+00   2.1378915e+00
   2.2200809e+00   2.1373085e+00
   2.2222105e+00   2.1370491e+00
   2.2240565e+00   2.1368249e+00
   2.2258833e+00   2.1366057e+00
   2.2303575e+00   2.1360593e+00
   2.2327793e+00   2.1357680e+00
   2.2378322e+00   2.1351550e+00
   2.2378322e+00   2.1351550e+00
   2.2408774e+00   2.1347843e+00
   2.2408774e+00   2.1347843e+00
   2.2459803e+00   2.1341673e+00
   2.2481742e+00   2.1338991e+00
   2.2494192e+00   2.1337528e+00
   2.2518732e+00   2.1334547e+00
   2.2551823e+00   2.1330560e+00
   2.2575539e+00   2.1327663e+00
   2.2615091e+00   2.1322885e+00
   2.2615091e+00   2.1322885e+00
   2.2654806e+00   2.1318101e+00
   2.2697670e+00   2.1312900e+00
   2.2705238e+00   2.1312018e+00
   2.2732188e+00   2.1308740e+00
   2.2747696e+00   2.1306884e+00
   2.2775122e+00   2.1303567e+00
   2.2803891e+00   2.1300141e+00
   2.2830484e+00   2.1296906e+00
   2.2868634e+00   2.1292369e+00
   2.2881737e+00   2.1290758e+00
   2.2915580e+00   2.1286691e+00
   2.2929051e+00   2.1285145e+00
   2.2993057e+00   2.1277421e+00
   2.3026498e+00   2.1273391e+00
   2.3051551e+00   2.1270410e+00
   2.3079306e+00   2.1267079e+00
   2.3092311e+00   2.1265504e+00
   2.3121227e+00   2.1262061e+00
   2.3125476e+00   2.1261515e+00
   2.3166197e+00   2.1256658e+00
   2.3196266e+00   2.1253056e+00
   2.3211936e+00   2.1251194e+00
   2.3246926e+00   2.1247001e+00
   2.3246926e+00   2.1247001e+00
   2.3279399e+00   2.1243126e+00
   2.3298867e+00   2.1240802e+00
   2.3324732e+00   2.1237762e+00
   2.3346074e+00   2.1235196e+00
   2.3401276e+00   2.1228601e+00
   2.3425391e+00   2.1225766e+00
   2.3453721e+00   2.1222376e+00
   2.3483967e+00   2.1218779e+00
   2.3497381e+00   2.1217169e+00
   2.3514843e+00   2.1215094e+00
   2.3545580e+00   2.1211484e+00
   2.3553681e+00   2.1210522e+00
   2.3594850e+00   2.1205616e+00
   2.3617124e+00   2.1203047e+00
   2.3633847e+00   2.1201000e+00
   2.3675791e+00   2.1196011e+00
   2.3681524e+00   2.1195341e+00
   2.3708220e+00   2.1192158e+00
   2.3709637e+00   2.1192005e+00
   2.3743544e+00   2.1187978e+00
   2.3749330e+00   2.1187310e+00
   2.3775224e+00   2.1184229e+00
   2.3804337e+00   2.1180823e+00
   2.3823385e+00   2.1178536e+00
   2.3850944e+00   2.1175281e+00
   2.3876280e+00   2.1172326e+00
   2.3919201e+00   2.1167237e+00
   2.3945637e+00   2.1164139e+00
   2.3957466e+00   2.1162728e+00
   2.3976438e+00   2.1160477e+00
   2.4017244e+00   2.1155671e+00
   2.4031124e+00   2.1154041e+00
   2.4050066e+00   2.1151808e+00
   2.4069146e+00   2.1149562e+00
   2.4106610e+00   2.1145156e+00
   2.4110852e+00   2.1144656e+00
   2.4136114e+00   2.1141709e+00
   2.4163936e+00   2.1138420e+00
   2.4201003e+00   2.1134110e+00
   2.4226247e+00   2.1131144e+00
   2.4235402e+00   2.1130033e+00
   2.4257852e+00   2.1127431e+00
   2.4283061e+00   2.1124458e+00
   2.4286210e+00   2.1124076e+00
   2.4315223e+00   2.1120713e+00
   2.4333663e+00   2.1118519e+00
   2.4372427e+00   2.1113985e+00
   2.4409276e+00   2.1109754e+00
   2.4429450e+00   2.1107348e+00
   2.4450064e+00   2.1104906e+00
   2.4505952e+00   2.1098378e+00
   2.4538571e+00   2.1094601e+00
   2.4549872e+00   2.1093250e+00
   2.4582772e+00   2.1089462e+00
   2.4582842e+00   2.1089408e+00
   2.4611261e+00   2.1086094e+00
   2.4622720e+00   2.1084790e+00
   2.4641996e+00   2.1082516e+00
   2.4676073e+00   2.1078547e+00
   2.4687153e+00   2.1077295e+00
   2.4720732e+00   2.1073384e+00
   2.4741633e+00   2.1070936e+00
   2.4772362e+00   2.1067383e+00
   2.4798532e+00   2.1064312e+00
   2.4827549e+00   2.1060944e+00
   2.4845436e+00   2.1058899e+00
   2.4861294e+00   2.1057063e+00
   2.4894719e+00   2.1053173e+00
   2.4906991e+00   2.1051746e+00
   2.4942072e+00   2.1047715e+00
   2.4942143e+00   2.1047661e+00
   2.4972415e+00   2.1044172e+00
   2.4980016e+00   2.1043292e+00
   2.5006273e+00   2.1040247e+00
   2.5037595e+00   2.1036609e+00
   2.5045498e+00   2.1035695e+00
   2.5084030e+00   2.1031324e+00
   2.5087027e+00   2.1030899e+00
   2.5121956e+00   2.1026890e+00
   2.5147569e+00   2.1023924e+00
   2.5170300e+00   2.1021282e+00
   2.5186081e+00   2.1019473e+00
   2.5198078e+00   2.1018081e+00
   2.5225017e+00   2.1014993e+00
   2.5250743e+00   2.1012019e+00
   2.5277980e+00   2.1008871e+00
   2.5293481e+00   2.1007086e+00
   2.5327982e+00   2.1003156e+00
   2.5353654e+00   2.1000162e+00
   2.5365751e+00   2.0998812e+00
   2.5385522e+00   2.0996499e+00
   2.5394010e+00   2.0995540e+00
   2.5423164e+00   2.0992237e+00
   2.5457117e+00   2.0988292e+00
   2.5464810e+00   2.0987392e+00
   2.5484788e+00   2.0985103e+00
   2.5509816e+00   2.0982269e+00
   2.5547344e+00   2.0977966e+00
   2.5554940e+00   2.0977060e+00
   2.5581216e+00   2.0974046e+00
   2.5627087e+00   2.0968834e+00
   2.5648158e+00   2.0966380e+00
   2.5684738e+00   2.0962199e+00
   2.5712871e+00   2.0959012e+00
   2.5724311e+00   2.0957681e+00
   2.5750092e+00   2.0954730e+00
   2.5773475e+00   2.0952080e+00
   2.5804137e+00   2.0948562e+00
   2.5825657e+00   2.0946112e+00
   2.5863309e+00   2.0941830e+00
   2.5888534e+00   2.0938942e+00
   2.5915221e+00   2.0935897e+00
   2.5939554e+00   2.0933158e+00
   2.5952903e+00   2.0931610e+00
   2.5971009e+00   2.0929589e+00
   2.5989291e+00   2.0927794e+00
   2.6017864e+00   2.0924221e+00
   2.6064217e+00   2.0918954e+00
   2.6090963e+00   2.0915918e+00
   2.6118072e+00   2.0912840e+00
   2.6149347e+00   2.0909308e+00
   2.6174602e+00   2.0906431e+00
   2.6192182e+00   2.0904435e+00
   2.6202884e+00   2.0903223e+00
   2.6235872e+00   2.0899526e+00
   2.6260000e+00   2.0896784e+00
   2.6293870e+00   2.0892962e+00
   2.6337864e+00   2.0887962e+00
   2.6355079e+00   2.0886029e+00
   2.6379519e+00   2.0883255e+00
   2.6400450e+00   2.0880876e+00
   2.6430056e+00   2.0877573e+00
   2.6432937e+00   2.0877206e+00
   2.6468457e+00   2.0873198e+00
   2.6527395e+00   2.0866687e+00
   2.6540482e+00   2.0865108e+00
   2.6555379e+00   2.0863432e+00
   2.6575121e+00   2.0861197e+00
   2.6590731e+00   2.0859452e+00
   2.6616756e+00   2.0856522e+00
   2.6656065e+00   2.0852108e+00
   2.6656122e+00   2.0852067e+00
   2.6686428e+00   2.0848661e+00
   2.6716414e+00   2.0845327e+00
   2.6743527e+00   2.0842265e+00
   2.6779580e+00   2.0838233e+00
   2.6834107e+00   2.0832118e+00
   2.6834107e+00   2.0832118e+00
   2.6863570e+00   2.0828803e+00
   2.6878084e+00   2.0827189e+00
   2.6928205e+00   2.0821549e+00
   2.6955130e+00   2.0818558e+00
   2.6981591e+00   2.0815619e+00
   2.6991440e+00   2.0814489e+00
   2.7024145e+00   2.0810822e+00
   2.7024145e+00   2.0810822e+00
   2.7062377e+00   2.0806570e+00
   2.7081205e+00   2.0804463e+00
   2.7101656e+00   2.0802210e+00
   2.7142989e+00   2.0797559e+00
   2.7142989e+00   2.0797559e+00
   2.7184828e+00   2.0792926e+00
   2.7184828e+00   2.0792926e+00
   2.7227956e+00   2.0788094e+00
   2.7261688e+00   2.0784339e+00
   2.7277449e+00   2.0782584e+00
   2.7299332e+00   2.0780168e+00
   2.7323440e+00   2.0777471e+00
   2.7363165e+00   2.0773078e+00
   2.7419521e+00   2.0766830e+00
   2.7442191e+00   2.0764316e+00
   2.7473808e+00   2.0760798e+00
   2.7475949e+00   2.0760563e+00
   2.7524274e+00   2.0755208e+00
   2.7550245e+00   2.0752330e+00
   2.7590653e+00   2.0747856e+00
   2.7602132e+00   2.0746610e+00
   2.7653988e+00   2.0740854e+00
   2.7671970e+00   2.0738850e+00
   2.7700682e+00   2.0735694e+00
   2.7710360e+00   2.0734629e+00
   2.7745693e+00   2.0730744e+00
   2.7766143e+00   2.0728451e+00
   2.7824449e+00   2.0722054e+00
   2.7843093e+00   2.0720003e+00
   2.7871212e+00   2.0716903e+00
   2.7903058e+00   2.0713402e+00
   2.7930000e+00   2.0710401e+00
   2.7930000e+00   2.0710401e+00
