  -2.5800000e+02   5.2000000e+01
  -2.5800040e+02   5.2040605e+01
  -2.5800162e+02   5.2082018e+01
  -2.5800364e+02   5.2124239e+01
  -2.5800646e+02   5.2167269e+01
  -2.5801010e+02   5.2211106e+01
  -2.5801455e+02   5.2255751e+01
  -2.5801980e+02   5.2301205e+01
  -2.5802586e+02   5.2347466e+01
  -2.5803273e+02   5.2394535e+01
  -2.5804040e+02   5.2442413e+01
  -2.5804889e+02   5.2491099e+01
  -2.5805818e+02   5.2540592e+01
  -2.5806828e+02   5.2590894e+01
  -2.5807919e+02   5.2642004e+01
  -2.5809091e+02   5.2693922e+01
  -2.5810343e+02   5.2746648e+01
  -2.5811676e+02   5.2800182e+01
  -2.5813091e+02   5.2854524e+01
  -2.5814585e+02   5.2909674e+01
  -2.5816161e+02   5.2965632e+01
  -2.5817818e+02   5.3022398e+01
  -2.5819555e+02   5.3079973e+01
  -2.5821373e+02   5.3138355e+01
  -2.5823272e+02   5.3197546e+01
  -2.5825252e+02   5.3257544e+01
  -2.5827312e+02   5.3318351e+01
  -2.5829454e+02   5.3379965e+01
  -2.5831676e+02   5.3442388e+01
  -2.5833979e+02   5.3505619e+01
  -2.5836363e+02   5.3569657e+01
  -2.5838827e+02   5.3634504e+01
  -2.5841373e+02   5.3700159e+01
  -2.5843999e+02   5.3766622e+01
  -2.5846706e+02   5.3833893e+01
  -2.5849494e+02   5.3901972e+01
  -2.5852362e+02   5.3970859e+01
  -2.5855312e+02   5.4040555e+01
  -2.5858342e+02   5.4111058e+01
  -2.5861453e+02   5.4182369e+01
  -2.5864645e+02   5.4254489e+01
  -2.5867917e+02   5.4327416e+01
  -2.5871271e+02   5.4401151e+01
  -2.5874705e+02   5.4475695e+01
  -2.5878220e+02   5.4551047e+01
  -2.5881816e+02   5.4627206e+01
  -2.5885493e+02   5.4704174e+01
  -2.5889250e+02   5.4781950e+01
  -2.5893089e+02   5.4860534e+01
  -2.5897008e+02   5.4939926e+01
  -2.5901008e+02   5.5020126e+01
  -2.5905088e+02   5.5101134e+01
  -2.5909250e+02   5.5182950e+01
  -2.5913492e+02   5.5265574e+01
  -2.5917815e+02   5.5349006e+01
  -2.5922219e+02   5.5433247e+01
  -2.5926704e+02   5.5518295e+01
  -2.5931269e+02   5.5604151e+01
  -2.5935916e+02   5.5690816e+01
  -2.5940643e+02   5.5778288e+01
  -2.5945451e+02   5.5866569e+01
  -2.5950340e+02   5.5955658e+01
  -2.5955309e+02   5.6045554e+01
  -2.5960360e+02   5.6136259e+01
  -2.5965491e+02   5.6227772e+01
  -2.5970703e+02   5.6320093e+01
  -2.5975996e+02   5.6413222e+01
  -2.5981369e+02   5.6507159e+01
  -2.5986824e+02   5.6601904e+01
  -2.5992359e+02   5.6697457e+01
  -2.5997975e+02   5.6793818e+01
  -2.6003672e+02   5.6890988e+01
  -2.6009449e+02   5.6988965e+01
  -2.6015308e+02   5.7087750e+01
  -2.6021247e+02   5.7187344e+01
  -2.6027267e+02   5.7287745e+01
  -2.6033368e+02   5.7388955e+01
  -2.6039550e+02   5.7490972e+01
  -2.6045812e+02   5.7593798e+01
  -2.6052155e+02   5.7697432e+01
  -2.6058579e+02   5.7801874e+01
  -2.6065084e+02   5.7907124e+01
  -2.6071670e+02   5.8013181e+01
  -2.6078336e+02   5.8120047e+01
  -2.6085084e+02   5.8227722e+01
  -2.6091912e+02   5.8336204e+01
  -2.6098821e+02   5.8445494e+01
  -2.6105810e+02   5.8555592e+01
  -2.6112881e+02   5.8666498e+01
  -2.6120032e+02   5.8778213e+01
  -2.6127264e+02   5.8890735e+01
  -2.6134577e+02   5.9004066e+01
  -2.6141971e+02   5.9118204e+01
  -2.6149446e+02   5.9233151e+01
  -2.6157001e+02   5.9348905e+01
  -2.6164637e+02   5.9465468e+01
  -2.6172354e+02   5.9582839e+01
  -2.6180152e+02   5.9701018e+01
  -2.6188031e+02   5.9820005e+01
  -2.6195990e+02   5.9939800e+01
  -2.6204030e+02   6.0060403e+01
  -2.6212151e+02   6.0181814e+01
  -2.6220353e+02   6.0304033e+01
  -2.6228636e+02   6.0427060e+01
  -2.6236999e+02   6.0550895e+01
  -2.6245443e+02   6.0675538e+01
  -2.6253968e+02   6.0800990e+01
  -2.6262574e+02   6.0927249e+01
  -2.6271261e+02   6.1054317e+01
  -2.6280028e+02   6.1182192e+01
  -2.6288877e+02   6.1310876e+01
  -2.6297806e+02   6.1440368e+01
  -2.6306815e+02   6.1570667e+01
  -2.6315906e+02   6.1701775e+01
  -2.6325078e+02   6.1833691e+01
  -2.6334330e+02   6.1966415e+01
  -2.6343663e+02   6.2099947e+01
  -2.6353077e+02   6.2234287e+01
  -2.6362572e+02   6.2369435e+01
  -2.6372147e+02   6.2505391e+01
  -2.6381803e+02   6.2642156e+01
  -2.6391541e+02   6.2779728e+01
  -2.6401359e+02   6.2918108e+01
  -2.6411257e+02   6.3057297e+01
  -2.6421237e+02   6.3197293e+01
  -2.6431297e+02   6.3338098e+01
  -2.6441438e+02   6.3479710e+01
  -2.6451660e+02   6.3622131e+01
  -2.6461963e+02   6.3765359e+01
  -2.6472347e+02   6.3909396e+01
  -2.6482811e+02   6.4054241e+01
  -2.6493356e+02   6.4199894e+01
  -2.6503982e+02   6.4346355e+01
  -2.6514689e+02   6.4493624e+01
  -2.6525477e+02   6.4641701e+01
  -2.6536345e+02   6.4790586e+01
  -2.6547294e+02   6.4940279e+01
  -2.6558324e+02   6.5090781e+01
  -2.6569435e+02   6.5242090e+01
  -2.6580627e+02   6.5394207e+01
  -2.6591899e+02   6.5547133e+01
  -2.6603252e+02   6.5700866e+01
  -2.6614686e+02   6.5855408e+01
  -2.6626201e+02   6.6010757e+01
  -2.6637797e+02   6.6166915e+01
  -2.6649473e+02   6.6323881e+01
  -2.6661231e+02   6.6481655e+01
  -2.6673069e+02   6.6640236e+01
  -2.6684988e+02   6.6799626e+01
  -2.6696987e+02   6.6959824e+01
  -2.6709068e+02   6.7120830e+01
  -2.6721229e+02   6.7282644e+01
  -2.6733471e+02   6.7445267e+01
  -2.6745794e+02   6.7608697e+01
  -2.6758198e+02   6.7772935e+01
  -2.6770683e+02   6.7937981e+01
  -2.6783248e+02   6.8103836e+01
  -2.6795894e+02   6.8270498e+01
  -2.6808621e+02   6.8437969e+01
  -2.6821429e+02   6.8606247e+01
  -2.6834317e+02   6.8775334e+01
  -2.6847287e+02   6.8945229e+01
  -2.6860337e+02   6.9115931e+01
  -2.6873468e+02   6.9287442e+01
  -2.6886680e+02   6.9459761e+01
  -2.6899972e+02   6.9632888e+01
  -2.6913346e+02   6.9806823e+01
  -2.6926800e+02   6.9981566e+01
  -2.6940335e+02   7.0157117e+01
  -2.6953951e+02   7.0333476e+01
  -2.6967647e+02   7.0510644e+01
  -2.6981425e+02   7.0688619e+01
  -2.6995283e+02   7.0867402e+01
  -2.7009222e+02   7.1046994e+01
  -2.7023242e+02   7.1227393e+01
  -2.7037342e+02   7.1408601e+01
  -2.7051524e+02   7.1590616e+01
  -2.7065786e+02   7.1773440e+01
  -2.7080129e+02   7.1957072e+01
  -2.7094553e+02   7.2141512e+01
  -2.7109058e+02   7.2326759e+01
  -2.7123643e+02   7.2512815e+01
  -2.7138310e+02   7.2699679e+01
  -2.7153057e+02   7.2887351e+01
  -2.7167885e+02   7.3075831e+01
  -2.7182793e+02   7.3265120e+01
  -2.7197783e+02   7.3455216e+01
  -2.7212853e+02   7.3646120e+01
  -2.7228004e+02   7.3837832e+01
  -2.7243236e+02   7.4030353e+01
  -2.7258549e+02   7.4223681e+01
  -2.7273943e+02   7.4417818e+01
  -2.7289417e+02   7.4612762e+01
  -2.7304972e+02   7.4808515e+01
  -2.7320608e+02   7.5005076e+01
  -2.7336325e+02   7.5202444e+01
  -2.7352122e+02   7.5400621e+01
  -2.7368001e+02   7.5599606e+01
  -2.7383960e+02   7.5799399e+01
  -2.7400000e+02   7.6000000e+01
  -2.4200000e+02   2.8000000e+01
  -2.4200040e+02   2.8040605e+01
  -2.4200162e+02   2.8082018e+01
  -2.4200364e+02   2.8124239e+01
  -2.4200646e+02   2.8167269e+01
  -2.4201010e+02   2.8211106e+01
  -2.4201455e+02   2.8255751e+01
  -2.4201980e+02   2.8301205e+01
  -2.4202586e+02   2.8347466e+01
  -2.4203273e+02   2.8394535e+01
  -2.4204040e+02   2.8442413e+01
  -2.4204889e+02   2.8491099e+01
  -2.4205818e+02   2.8540592e+01
  -2.4206828e+02   2.8590894e+01
  -2.4207919e+02   2.8642004e+01
  -2.4209091e+02   2.8693922e+01
  -2.4210343e+02   2.8746648e+01
  -2.4211676e+02   2.8800182e+01
  -2.4213091e+02   2.8854524e+01
  -2.4214585e+02   2.8909674e+01
  -2.4216161e+02   2.8965632e+01
  -2.4217818e+02   2.9022398e+01
  -2.4219555e+02   2.9079973e+01
  -2.4221373e+02   2.9138355e+01
  -2.4223272e+02   2.9197546e+01
  -2.4225252e+02   2.9257544e+01
  -2.4227312e+02   2.9318351e+01
  -2.4229454e+02   2.9379965e+01
  -2.4231676e+02   2.9442388e+01
  -2.4233979e+02   2.9505619e+01
  -2.4236363e+02   2.9569657e+01
  -2.4238827e+02   2.9634504e+01
  -2.4241373e+02   2.9700159e+01
  -2.4243999e+02   2.9766622e+01
  -2.4246706e+02   2.9833893e+01
  -2.4249494e+02   2.9901972e+01
  -2.4252362e+02   2.9970859e+01
  -2.4255312e+02   3.0040555e+01
  -2.4258342e+02   3.0111058e+01
  -2.4261453e+02   3.0182369e+01
  -2.4264645e+02   3.0254489e+01
  -2.4267917e+02   3.0327416e+01
  -2.4271271e+02   3.0401151e+01
  -2.4274705e+02   3.0475695e+01
  -2.4278220e+02   3.0551047e+01
  -2.4281816e+02   3.0627206e+01
  -2.4285493e+02   3.0704174e+01
  -2.4289250e+02   3.0781950e+01
  -2.4293089e+02   3.0860534e+01
  -2.4297008e+02   3.0939926e+01
  -2.4301008e+02   3.1020126e+01
  -2.4305088e+02   3.1101134e+01
  -2.4309250e+02   3.1182950e+01
  -2.4313492e+02   3.1265574e+01
  -2.4317815e+02   3.1349006e+01
  -2.4322219e+02   3.1433247e+01
  -2.4326704e+02   3.1518295e+01
  -2.4331269e+02   3.1604151e+01
  -2.4335916e+02   3.1690816e+01
  -2.4340643e+02   3.1778288e+01
  -2.4345451e+02   3.1866569e+01
  -2.4350340e+02   3.1955658e+01
  -2.4355309e+02   3.2045554e+01
  -2.4360360e+02   3.2136259e+01
  -2.4365491e+02   3.2227772e+01
  -2.4370703e+02   3.2320093e+01
  -2.4375996e+02   3.2413222e+01
  -2.4381369e+02   3.2507159e+01
  -2.4386824e+02   3.2601904e+01
  -2.4392359e+02   3.2697457e+01
  -2.4397975e+02   3.2793818e+01
  -2.4403672e+02   3.2890988e+01
  -2.4409449e+02   3.2988965e+01
  -2.4415308e+02   3.3087750e+01
  -2.4421247e+02   3.3187344e+01
  -2.4427267e+02   3.3287745e+01
  -2.4433368e+02   3.3388955e+01
  -2.4439550e+02   3.3490972e+01
  -2.4445812e+02   3.3593798e+01
  -2.4452155e+02   3.3697432e+01
  -2.4458579e+02   3.3801874e+01
  -2.4465084e+02   3.3907124e+01
  -2.4471670e+02   3.4013181e+01
  -2.4478336e+02   3.4120047e+01
  -2.4485084e+02   3.4227722e+01
  -2.4491912e+02   3.4336204e+01
  -2.4498821e+02   3.4445494e+01
  -2.4505810e+02   3.4555592e+01
  -2.4512881e+02   3.4666498e+01
  -2.4520032e+02   3.4778213e+01
  -2.4527264e+02   3.4890735e+01
  -2.4534577e+02   3.5004066e+01
  -2.4541971e+02   3.5118204e+01
  -2.4549446e+02   3.5233151e+01
  -2.4557001e+02   3.5348905e+01
  -2.4564637e+02   3.5465468e+01
  -2.4572354e+02   3.5582839e+01
  -2.4580152e+02   3.5701018e+01
  -2.4588031e+02   3.5820005e+01
  -2.4595990e+02   3.5939800e+01
  -2.4604030e+02   3.6060403e+01
  -2.4612151e+02   3.6181814e+01
  -2.4620353e+02   3.6304033e+01
  -2.4628636e+02   3.6427060e+01
  -2.4636999e+02   3.6550895e+01
  -2.4645443e+02   3.6675538e+01
  -2.4653968e+02   3.6800990e+01
  -2.4662574e+02   3.6927249e+01
  -2.4671261e+02   3.7054317e+01
  -2.4680028e+02   3.7182192e+01
  -2.4688877e+02   3.7310876e+01
  -2.4697806e+02   3.7440368e+01
  -2.4706815e+02   3.7570667e+01
  -2.4715906e+02   3.7701775e+01
  -2.4725078e+02   3.7833691e+01
  -2.4734330e+02   3.7966415e+01
  -2.4743663e+02   3.8099947e+01
  -2.4753077e+02   3.8234287e+01
  -2.4762572e+02   3.8369435e+01
  -2.4772147e+02   3.8505391e+01
  -2.4781803e+02   3.8642156e+01
  -2.4791541e+02   3.8779728e+01
  -2.4801359e+02   3.8918108e+01
  -2.4811257e+02   3.9057297e+01
  -2.4821237e+02   3.9197293e+01
  -2.4831297e+02   3.9338098e+01
  -2.4841438e+02   3.9479710e+01
  -2.4851660e+02   3.9622131e+01
  -2.4861963e+02   3.9765359e+01
  -2.4872347e+02   3.9909396e+01
  -2.4882811e+02   4.0054241e+01
  -2.4893356e+02   4.0199894e+01
  -2.4903982e+02   4.0346355e+01
  -2.4914689e+02   4.0493624e+01
  -2.4925477e+02   4.0641701e+01
  -2.4936345e+02   4.0790586e+01
  -2.4947294e+02   4.0940279e+01
  -2.4958324e+02   4.1090781e+01
  -2.4969435e+02   4.1242090e+01
  -2.4980627e+02   4.1394207e+01
  -2.4991899e+02   4.1547133e+01
  -2.5003252e+02   4.1700866e+01
  -2.5014686e+02   4.1855408e+01
  -2.5026201e+02   4.2010757e+01
  -2.5037797e+02   4.2166915e+01
  -2.5049473e+02   4.2323881e+01
  -2.5061231e+02   4.2481655e+01
  -2.5073069e+02   4.2640236e+01
  -2.5084988e+02   4.2799626e+01
  -2.5096987e+02   4.2959824e+01
  -2.5109068e+02   4.3120830e+01
  -2.5121229e+02   4.3282644e+01
  -2.5133471e+02   4.3445267e+01
  -2.5145794e+02   4.3608697e+01
  -2.5158198e+02   4.3772935e+01
  -2.5170683e+02   4.3937981e+01
  -2.5183248e+02   4.4103836e+01
  -2.5195894e+02   4.4270498e+01
  -2.5208621e+02   4.4437969e+01
  -2.5221429e+02   4.4606247e+01
  -2.5234317e+02   4.4775334e+01
  -2.5247287e+02   4.4945229e+01
  -2.5260337e+02   4.5115931e+01
  -2.5273468e+02   4.5287442e+01
  -2.5286680e+02   4.5459761e+01
  -2.5299972e+02   4.5632888e+01
  -2.5313346e+02   4.5806823e+01
  -2.5326800e+02   4.5981566e+01
  -2.5340335e+02   4.6157117e+01
  -2.5353951e+02   4.6333476e+01
  -2.5367647e+02   4.6510644e+01
  -2.5381425e+02   4.6688619e+01
  -2.5395283e+02   4.6867402e+01
  -2.5409222e+02   4.7046994e+01
  -2.5423242e+02   4.7227393e+01
  -2.5437342e+02   4.7408601e+01
  -2.5451524e+02   4.7590616e+01
  -2.5465786e+02   4.7773440e+01
  -2.5480129e+02   4.7957072e+01
  -2.5494553e+02   4.8141512e+01
  -2.5509058e+02   4.8326759e+01
  -2.5523643e+02   4.8512815e+01
  -2.5538310e+02   4.8699679e+01
  -2.5553057e+02   4.8887351e+01
  -2.5567885e+02   4.9075831e+01
  -2.5582793e+02   4.9265120e+01
  -2.5597783e+02   4.9455216e+01
  -2.5612853e+02   4.9646120e+01
  -2.5628004e+02   4.9837832e+01
  -2.5643236e+02   5.0030353e+01
  -2.5658549e+02   5.0223681e+01
  -2.5673943e+02   5.0417818e+01
  -2.5689417e+02   5.0612762e+01
  -2.5704972e+02   5.0808515e+01
  -2.5720608e+02   5.1005076e+01
  -2.5736325e+02   5.1202444e+01
  -2.5752122e+02   5.1400621e+01
  -2.5768001e+02   5.1599606e+01
  -2.5783960e+02   5.1799399e+01
  -2.5800000e+02   5.2000000e+01
  -1.2340675e+02   1.8920818e+01
  -1.2389081e+02   1.8961491e+01
  -1.2437600e+02   1.9002215e+01
  -1.2486232e+02   1.9042988e+01
  -1.2534978e+02   1.9083811e+01
  -1.2583836e+02   1.9124685e+01
  -1.2632807e+02   1.9165608e+01
  -1.2681891e+02   1.9206582e+01
  -1.2731089e+02   1.9247605e+01
  -1.2780399e+02   1.9288679e+01
  -1.2829822e+02   1.9329802e+01
  -1.2879359e+02   1.9370976e+01
  -1.2929008e+02   1.9412199e+01
  -1.2978770e+02   1.9453472e+01
  -1.3028646e+02   1.9494796e+01
  -1.3078634e+02   1.9536169e+01
  -1.3128735e+02   1.9577593e+01
  -1.3178950e+02   1.9619066e+01
  -1.3229277e+02   1.9660590e+01
  -1.3279718e+02   1.9702163e+01
  -1.3330271e+02   1.9743787e+01
  -1.3380938e+02   1.9785461e+01
  -1.3431717e+02   1.9827184e+01
  -1.3482609e+02   1.9868958e+01
  -1.3533615e+02   1.9910781e+01
  -1.3584734e+02   1.9952655e+01
  -1.3635965e+02   1.9994578e+01
  -1.3687310e+02   2.0036552e+01
  -1.3738767e+02   2.0078575e+01
  -1.3790338e+02   2.0120649e+01
  -1.3842021e+02   2.0162773e+01
  -1.3893818e+02   2.0204946e+01
  -1.3945728e+02   2.0247170e+01
  -1.3997750e+02   2.0289443e+01
  -1.4049886e+02   2.0331767e+01
  -1.4102134e+02   2.0374141e+01
  -1.4154496e+02   2.0416564e+01
  -1.4206971e+02   2.0459038e+01
  -1.4259559e+02   2.0501561e+01
  -1.4312259e+02   2.0544135e+01
  -1.4365073e+02   2.0586759e+01
  -1.4418000e+02   2.0629432e+01
  -1.4471040e+02   2.0672156e+01
  -1.4524192e+02   2.0714930e+01
  -1.4577458e+02   2.0757753e+01
  -1.4630837e+02   2.0800627e+01
  -1.4684329e+02   2.0843551e+01
  -1.4737934e+02   2.0886524e+01
  -1.4791651e+02   2.0929548e+01
  -1.4845482e+02   2.0972622e+01
  -1.4899426e+02   2.1015746e+01
  -1.4953483e+02   2.1058919e+01
  -1.5007653e+02   2.1102143e+01
  -1.5061936e+02   2.1145417e+01
  -1.5116332e+02   2.1188741e+01
  -1.5170841e+02   2.1232114e+01
  -1.5225463e+02   2.1275538e+01
  -1.5280198e+02   2.1319012e+01
  -1.5335046e+02   2.1362536e+01
  -1.5390007e+02   2.1406109e+01
  -1.5445081e+02   2.1449733e+01
  -1.5500268e+02   2.1493407e+01
  -1.5555568e+02   2.1537131e+01
  -1.5610981e+02   2.1580904e+01
  -1.5666507e+02   2.1624728e+01
  -1.5722146e+02   2.1668602e+01
  -1.5777898e+02   2.1712526e+01
  -1.5833763e+02   2.1756500e+01
  -1.5889741e+02   2.1800524e+01
  -1.5945833e+02   2.1844597e+01
  -1.6002037e+02   2.1888721e+01
  -1.6058354e+02   2.1932895e+01
  -1.6114784e+02   2.1977119e+01
  -1.6171327e+02   2.2021393e+01
  -1.6227984e+02   2.2065717e+01
  -1.6284753e+02   2.2110091e+01
  -1.6341635e+02   2.2154514e+01
  -1.6398630e+02   2.2198988e+01
  -1.6455739e+02   2.2243512e+01
  -1.6512960e+02   2.2288086e+01
  -1.6570294e+02   2.2332710e+01
  -1.6627742e+02   2.2377384e+01
  -1.6685302e+02   2.2422108e+01
  -1.6742975e+02   2.2466882e+01
  -1.6800762e+02   2.2511706e+01
  -1.6858661e+02   2.2556580e+01
  -1.6916673e+02   2.2601504e+01
  -1.6974799e+02   2.2646477e+01
  -1.7033037e+02   2.2691501e+01
  -1.7091389e+02   2.2736575e+01
  -1.7149853e+02   2.2781699e+01
  -1.7208431e+02   2.2826873e+01
  -1.7267121e+02   2.2872097e+01
  -1.7325925e+02   2.2917371e+01
  -1.7384841e+02   2.2962695e+01
  -1.7443871e+02   2.3008069e+01
  -1.7503013e+02   2.3053493e+01
  -1.7562269e+02   2.3098967e+01
  -1.7621637e+02   2.3144491e+01
  -1.7681119e+02   2.3190065e+01
  -1.7740713e+02   2.3235689e+01
  -1.7800421e+02   2.3281363e+01
  -1.7860242e+02   2.3327087e+01
  -1.7920175e+02   2.3372862e+01
  -1.7980222e+02   2.3418686e+01
  -1.8040382e+02   2.3464560e+01
  -1.8100654e+02   2.3510484e+01
  -1.8161040e+02   2.3556458e+01
  -1.8221539e+02   2.3602482e+01
  -1.8282151e+02   2.3648556e+01
  -1.8342875e+02   2.3694680e+01
  -1.8403713e+02   2.3740854e+01
  -1.8464664e+02   2.3787078e+01
  -1.8525728e+02   2.3833352e+01
  -1.8586904e+02   2.3879676e+01
  -1.8648194e+02   2.3926051e+01
  -1.8709597e+02   2.3972475e+01
  -1.8771113e+02   2.4018949e+01
  -1.8832742e+02   2.4065473e+01
  -1.8894484e+02   2.4112047e+01
  -1.8956338e+02   2.4158671e+01
  -1.9018306e+02   2.4205346e+01
  -1.9080387e+02   2.4252070e+01
  -1.9142581e+02   2.4298844e+01
  -1.9204888e+02   2.4345668e+01
  -1.9267308e+02   2.4392542e+01
  -1.9329841e+02   2.4439466e+01
  -1.9392487e+02   2.4486441e+01
  -1.9455246e+02   2.4533465e+01
  -1.9518118e+02   2.4580539e+01
  -1.9581103e+02   2.4627663e+01
  -1.9644201e+02   2.4674838e+01
  -1.9707412e+02   2.4722062e+01
  -1.9770736e+02   2.4769336e+01
  -1.9834173e+02   2.4816660e+01
  -1.9897723e+02   2.4864034e+01
  -1.9961387e+02   2.4911459e+01
  -2.0025163e+02   2.4958933e+01
  -2.0089052e+02   2.5006457e+01
  -2.0153054e+02   2.5054032e+01
  -2.0217169e+02   2.5101656e+01
  -2.0281397e+02   2.5149330e+01
  -2.0345739e+02   2.5197054e+01
  -2.0410193e+02   2.5244829e+01
  -2.0474760e+02   2.5292653e+01
  -2.0539440e+02   2.5340527e+01
  -2.0604234e+02   2.5388452e+01
  -2.0669140e+02   2.5436426e+01
  -2.0734159e+02   2.5484450e+01
  -2.0799291e+02   2.5532525e+01
  -2.0864537e+02   2.5580649e+01
  -2.0929895e+02   2.5628823e+01
  -2.0995366e+02   2.5677048e+01
  -2.1060951e+02   2.5725322e+01
  -2.1126648e+02   2.5773647e+01
  -2.1192459e+02   2.5822021e+01
  -2.1258382e+02   2.5870445e+01
  -2.1324418e+02   2.5918920e+01
  -2.1390568e+02   2.5967444e+01
  -2.1456830e+02   2.6016018e+01
  -2.1523206e+02   2.6064643e+01
  -2.1589694e+02   2.6113317e+01
  -2.1656296e+02   2.6162042e+01
  -2.1723010e+02   2.6210816e+01
  -2.1789838e+02   2.6259641e+01
  -2.1856778e+02   2.6308515e+01
  -2.1923832e+02   2.6357440e+01
  -2.1990998e+02   2.6406414e+01
  -2.2058278e+02   2.6455438e+01
  -2.2125671e+02   2.6504513e+01
  -2.2193176e+02   2.6553637e+01
  -2.2260795e+02   2.6602812e+01
  -2.2328526e+02   2.6652036e+01
  -2.2396371e+02   2.6701311e+01
  -2.2464329e+02   2.6750635e+01
  -2.2532399e+02   2.6800010e+01
  -2.2600583e+02   2.6849434e+01
  -2.2668880e+02   2.6898909e+01
  -2.2737290e+02   2.6948433e+01
  -2.2805812e+02   2.6998008e+01
  -2.2874448e+02   2.7047633e+01
  -2.2943197e+02   2.7097307e+01
  -2.3012059e+02   2.7147032e+01
  -2.3081033e+02   2.7196806e+01
  -2.3150121e+02   2.7246631e+01
  -2.3219322e+02   2.7296505e+01
  -2.3288636e+02   2.7346430e+01
  -2.3358063e+02   2.7396404e+01
  -2.3427603e+02   2.7446429e+01
  -2.3497255e+02   2.7496504e+01
  -2.3567021e+02   2.7546628e+01
  -2.3636900e+02   2.7596803e+01
  -2.3706892e+02   2.7647028e+01
  -2.3776997e+02   2.7697302e+01
  -2.3847215e+02   2.7747627e+01
  -2.3917546e+02   2.7798001e+01
  -2.3987990e+02   2.7848426e+01
  -2.4058547e+02   2.7898901e+01
  -2.4129217e+02   2.7949425e+01
  -2.4200000e+02   2.8000000e+01
  -1.1600000e+02   6.0000000e+00
  -1.1600019e+02   6.0276458e+00
  -1.1600075e+02   6.0556685e+00
  -1.1600170e+02   6.0840681e+00
  -1.1600302e+02   6.1128448e+00
  -1.1600471e+02   6.1419983e+00
  -1.1600679e+02   6.1715288e+00
  -1.1600924e+02   6.2014363e+00
  -1.1601206e+02   6.2317207e+00
  -1.1601527e+02   6.2623821e+00
  -1.1601885e+02   6.2934204e+00
  -1.1602281e+02   6.3248357e+00
  -1.1602714e+02   6.3566279e+00
  -1.1603185e+02   6.3887971e+00
  -1.1603694e+02   6.4213432e+00
  -1.1604241e+02   6.4542663e+00
  -1.1604825e+02   6.4875663e+00
  -1.1605447e+02   6.5212433e+00
  -1.1606107e+02   6.5552973e+00
  -1.1606804e+02   6.5897281e+00
  -1.1607539e+02   6.6245360e+00
  -1.1608312e+02   6.6597208e+00
  -1.1609122e+02   6.6952825e+00
  -1.1609970e+02   6.7312212e+00
  -1.1610856e+02   6.7675368e+00
  -1.1611780e+02   6.8042294e+00
  -1.1612741e+02   6.8412990e+00
  -1.1613740e+02   6.8787455e+00
  -1.1614776e+02   6.9165689e+00
  -1.1615851e+02   6.9547693e+00
  -1.1616963e+02   6.9933467e+00
  -1.1618113e+02   7.0323010e+00
  -1.1619300e+02   7.0716322e+00
  -1.1620525e+02   7.1113404e+00
  -1.1621788e+02   7.1514256e+00
  -1.1623088e+02   7.1918877e+00
  -1.1624426e+02   7.2327267e+00
  -1.1625802e+02   7.2739428e+00
  -1.1627216e+02   7.3155357e+00
  -1.1628667e+02   7.3575056e+00
  -1.1630156e+02   7.3998525e+00
  -1.1631683e+02   7.4425763e+00
  -1.1633247e+02   7.4856771e+00
  -1.1634849e+02   7.5291548e+00
  -1.1636489e+02   7.5730095e+00
  -1.1638166e+02   7.6172411e+00
  -1.1639881e+02   7.6618496e+00
  -1.1641634e+02   7.7068352e+00
  -1.1643425e+02   7.7521976e+00
  -1.1645253e+02   7.7979371e+00
  -1.1647119e+02   7.8440534e+00
  -1.1649023e+02   7.8905468e+00
  -1.1650964e+02   7.9374170e+00
  -1.1652943e+02   7.9846643e+00
  -1.1654959e+02   8.0322884e+00
  -1.1657014e+02   8.0802896e+00
  -1.1659106e+02   8.1286677e+00
  -1.1661236e+02   8.1774227e+00
  -1.1663403e+02   8.2265547e+00
  -1.1665608e+02   8.2760636e+00
  -1.1667851e+02   8.3259495e+00
  -1.1670132e+02   8.3762123e+00
  -1.1672450e+02   8.4268521e+00
  -1.1674806e+02   8.4778689e+00
  -1.1677200e+02   8.5292626e+00
  -1.1679631e+02   8.5810332e+00
  -1.1682100e+02   8.6331808e+00
  -1.1684607e+02   8.6857054e+00
  -1.1687151e+02   8.7386069e+00
  -1.1689733e+02   8.7918853e+00
  -1.1692353e+02   8.8455407e+00
  -1.1695011e+02   8.8995731e+00
  -1.1697706e+02   8.9539824e+00
  -1.1700439e+02   9.0087686e+00
  -1.1703209e+02   9.0639318e+00
  -1.1706018e+02   9.1194720e+00
  -1.1708864e+02   9.1753891e+00
  -1.1711747e+02   9.2316832e+00
  -1.1714669e+02   9.2883542e+00
  -1.1717628e+02   9.3454021e+00
  -1.1720624e+02   9.4028270e+00
  -1.1723659e+02   9.4606289e+00
  -1.1726731e+02   9.5188077e+00
  -1.1729841e+02   9.5773635e+00
  -1.1732988e+02   9.6362962e+00
  -1.1736174e+02   9.6956059e+00
  -1.1739397e+02   9.7552925e+00
  -1.1742657e+02   9.8153561e+00
  -1.1745956e+02   9.8757966e+00
  -1.1749292e+02   9.9366141e+00
  -1.1752665e+02   9.9978085e+00
  -1.1756077e+02   1.0059380e+01
  -1.1759526e+02   1.0121328e+01
  -1.1763013e+02   1.0183653e+01
  -1.1766537e+02   1.0246356e+01
  -1.1770099e+02   1.0309435e+01
  -1.1773699e+02   1.0372891e+01
  -1.1777337e+02   1.0436724e+01
  -1.1781012e+02   1.0500934e+01
  -1.1784725e+02   1.0565521e+01
  -1.1788476e+02   1.0630485e+01
  -1.1792264e+02   1.0695826e+01
  -1.1796090e+02   1.0761544e+01
  -1.1799954e+02   1.0827639e+01
  -1.1803855e+02   1.0894110e+01
  -1.1807794e+02   1.0960959e+01
  -1.1811771e+02   1.1028185e+01
  -1.1815786e+02   1.1095787e+01
  -1.1819838e+02   1.1163767e+01
  -1.1823928e+02   1.1232123e+01
  -1.1828056e+02   1.1300857e+01
  -1.1832221e+02   1.1369967e+01
  -1.1836424e+02   1.1439455e+01
  -1.1840665e+02   1.1509319e+01
  -1.1844943e+02   1.1579560e+01
  -1.1849259e+02   1.1650178e+01
  -1.1853613e+02   1.1721173e+01
  -1.1858004e+02   1.1792546e+01
  -1.1862433e+02   1.1864295e+01
  -1.1866900e+02   1.1936421e+01
  -1.1871405e+02   1.2008924e+01
  -1.1875947e+02   1.2081804e+01
  -1.1880527e+02   1.2155060e+01
  -1.1885145e+02   1.2228694e+01
  -1.1889800e+02   1.2302705e+01
  -1.1894493e+02   1.2377093e+01
  -1.1899224e+02   1.2451857e+01
  -1.1903992e+02   1.2526999e+01
  -1.1908798e+02   1.2602518e+01
  -1.1913642e+02   1.2678413e+01
  -1.1918524e+02   1.2754686e+01
  -1.1923443e+02   1.2831335e+01
  -1.1928400e+02   1.2908361e+01
  -1.1933395e+02   1.2985765e+01
  -1.1938427e+02   1.3063545e+01
  -1.1943497e+02   1.3141702e+01
  -1.1948605e+02   1.3220236e+01
  -1.1953750e+02   1.3299148e+01
  -1.1958933e+02   1.3378436e+01
  -1.1964154e+02   1.3458101e+01
  -1.1969412e+02   1.3538143e+01
  -1.1974708e+02   1.3618562e+01
  -1.1980042e+02   1.3699358e+01
  -1.1985414e+02   1.3780530e+01
  -1.1990823e+02   1.3862080e+01
  -1.1996270e+02   1.3944007e+01
  -1.2001755e+02   1.4026311e+01
  -1.2007277e+02   1.4108991e+01
  -1.2012837e+02   1.4192049e+01
  -1.2018435e+02   1.4275483e+01
  -1.2024070e+02   1.4359295e+01
  -1.2029743e+02   1.4443483e+01
  -1.2035454e+02   1.4528049e+01
  -1.2041203e+02   1.4612991e+01
  -1.2046989e+02   1.4698310e+01
  -1.2052813e+02   1.4784007e+01
  -1.2058674e+02   1.4870080e+01
  -1.2064574e+02   1.4956530e+01
  -1.2070511e+02   1.5043357e+01
  -1.2076485e+02   1.5130561e+01
  -1.2082498e+02   1.5218142e+01
  -1.2088548e+02   1.5306100e+01
  -1.2094635e+02   1.5394435e+01
  -1.2100761e+02   1.5483147e+01
  -1.2106924e+02   1.5572236e+01
  -1.2113125e+02   1.5661702e+01
  -1.2119363e+02   1.5751544e+01
  -1.2125640e+02   1.5841764e+01
  -1.2131954e+02   1.5932361e+01
  -1.2138305e+02   1.6023334e+01
  -1.2144695e+02   1.6114685e+01
  -1.2151122e+02   1.6206412e+01
  -1.2157586e+02   1.6298517e+01
  -1.2164089e+02   1.6390998e+01
  -1.2170629e+02   1.6483856e+01
  -1.2177207e+02   1.6577092e+01
  -1.2183822e+02   1.6670704e+01
  -1.2190475e+02   1.6764693e+01
  -1.2197166e+02   1.6859059e+01
  -1.2203895e+02   1.6953802e+01
  -1.2210661e+02   1.7048922e+01
  -1.2217465e+02   1.7144419e+01
  -1.2224307e+02   1.7240293e+01
  -1.2231186e+02   1.7336544e+01
  -1.2238103e+02   1.7433172e+01
  -1.2245058e+02   1.7530177e+01
  -1.2252050e+02   1.7627559e+01
  -1.2259080e+02   1.7725317e+01
  -1.2266148e+02   1.7823453e+01
  -1.2273254e+02   1.7921966e+01
  -1.2280397e+02   1.8020855e+01
  -1.2287578e+02   1.8120122e+01
  -1.2294797e+02   1.8219765e+01
  -1.2302053e+02   1.8319786e+01
  -1.2309347e+02   1.8420183e+01
  -1.2316679e+02   1.8520957e+01
  -1.2324048e+02   1.8622109e+01
  -1.2331455e+02   1.8723637e+01
  -1.2338900e+02   1.8825542e+01
  -1.2346382e+02   1.8927824e+01
  -1.1600000e+02   6.0000000e+00
  -1.1549814e+02   5.9799500e+00
  -1.1499760e+02   5.9600010e+00
  -1.1449837e+02   5.9401530e+00
  -1.1400045e+02   5.9204061e+00
  -1.1350385e+02   5.9007601e+00
  -1.1300856e+02   5.8812151e+00
  -1.1251458e+02   5.8617712e+00
  -1.1202192e+02   5.8424282e+00
  -1.1153057e+02   5.8231863e+00
  -1.1104053e+02   5.8040454e+00
  -1.1055180e+02   5.7850054e+00
  -1.1006439e+02   5.7660665e+00
  -1.0957829e+02   5.7472286e+00
  -1.0909351e+02   5.7284917e+00
  -1.0861004e+02   5.7098558e+00
  -1.0812788e+02   5.6913209e+00
  -1.0764703e+02   5.6728870e+00
  -1.0716750e+02   5.6545542e+00
  -1.0668928e+02   5.6363223e+00
  -1.0621237e+02   5.6181915e+00
  -1.0573677e+02   5.6001616e+00
  -1.0526249e+02   5.5822328e+00
  -1.0478953e+02   5.5644049e+00
  -1.0431787e+02   5.5466781e+00
  -1.0384753e+02   5.5290523e+00
  -1.0337850e+02   5.5115275e+00
  -1.0291079e+02   5.4941037e+00
  -1.0244438e+02   5.4767809e+00
  -1.0197929e+02   5.4595591e+00
  -1.0151552e+02   5.4424383e+00
  -1.0105305e+02   5.4254186e+00
  -1.0059190e+02   5.4084998e+00
  -1.0013207e+02   5.3916820e+00
  -9.9673544e+01   5.3749653e+00
  -9.9216333e+01   5.3583495e+00
  -9.8760435e+01   5.3418348e+00
  -9.8305851e+01   5.3254211e+00
  -9.7852579e+01   5.3091084e+00
  -9.7400621e+01   5.2928966e+00
  -9.6949976e+01   5.2767859e+00
  -9.6500644e+01   5.2607762e+00
  -9.6052625e+01   5.2448676e+00
  -9.5605919e+01   5.2290599e+00
  -9.5160526e+01   5.2133532e+00
  -9.4716447e+01   5.1977475e+00
  -9.4273680e+01   5.1822429e+00
  -9.3832226e+01   5.1668392e+00
  -9.3392086e+01   5.1515366e+00
  -9.2953259e+01   5.1363349e+00
  -9.2515745e+01   5.1212343e+00
  -9.2079543e+01   5.1062347e+00
  -9.1644655e+01   5.0913361e+00
  -9.1211081e+01   5.0765385e+00
  -9.0778819e+01   5.0618419e+00
  -9.0347870e+01   5.0472463e+00
  -8.9918234e+01   5.0327517e+00
  -8.9489912e+01   5.0183581e+00
  -8.9062902e+01   5.0040656e+00
  -8.8637206e+01   4.9898740e+00
  -8.8212823e+01   4.9757834e+00
  -8.7789753e+01   4.9617939e+00
  -8.7367996e+01   4.9479054e+00
  -8.6947552e+01   4.9341178e+00
  -8.6528421e+01   4.9204313e+00
  -8.6110603e+01   4.9068458e+00
  -8.5694099e+01   4.8933613e+00
  -8.5278907e+01   4.8799778e+00
  -8.4865029e+01   4.8666953e+00
  -8.4452463e+01   4.8535138e+00
  -8.4041211e+01   4.8404333e+00
  -8.3631272e+01   4.8274539e+00
  -8.3222646e+01   4.8145754e+00
  -8.2815333e+01   4.8017979e+00
  -8.2409333e+01   4.7891215e+00
  -8.2004646e+01   4.7765460e+00
  -8.1601273e+01   4.7640716e+00
  -8.1199212e+01   4.7516982e+00
  -8.0798465e+01   4.7394258e+00
  -8.0399030e+01   4.7272544e+00
  -8.0000909e+01   4.7151840e+00
  -7.9604101e+01   4.7032146e+00
  -7.9208606e+01   4.6913462e+00
  -7.8814424e+01   4.6795788e+00
  -7.8421555e+01   4.6679124e+00
  -7.8029999e+01   4.6563471e+00
  -7.7639757e+01   4.6448827e+00
  -7.7250827e+01   4.6335194e+00
  -7.6863211e+01   4.6222570e+00
  -7.6476907e+01   4.6110957e+00
  -7.6091917e+01   4.6000354e+00
  -7.5708240e+01   4.5890760e+00
  -7.5325876e+01   4.5782177e+00
  -7.4944825e+01   4.5674604e+00
  -7.4565087e+01   4.5568041e+00
  -7.4186662e+01   4.5462488e+00
  -7.3809550e+01   4.5357946e+00
  -7.3433752e+01   4.5254413e+00
  -7.3059266e+01   4.5151890e+00
  -7.2686094e+01   4.5050378e+00
  -7.2314234e+01   4.4949875e+00
  -7.1943688e+01   4.4850383e+00
  -7.1574455e+01   4.4751900e+00
  -7.1206535e+01   4.4654428e+00
  -7.0839928e+01   4.4557966e+00
  -7.0474634e+01   4.4462514e+00
  -7.0110654e+01   4.4368072e+00
  -6.9747986e+01   4.4274640e+00
  -6.9386632e+01   4.4182218e+00
  -6.9026590e+01   4.4090806e+00
  -6.8667862e+01   4.4000404e+00
  -6.8310447e+01   4.3911012e+00
  -6.7954345e+01   4.3822631e+00
  -6.7599556e+01   4.3735259e+00
  -6.7246080e+01   4.3648898e+00
  -6.6893917e+01   4.3563546e+00
  -6.6543067e+01   4.3479205e+00
  -6.6193530e+01   4.3395874e+00
  -6.5845307e+01   4.3313553e+00
  -6.5498397e+01   4.3232242e+00
  -6.5152799e+01   4.3151941e+00
  -6.4808515e+01   4.3072650e+00
  -6.4465544e+01   4.2994369e+00
  -6.4123886e+01   4.2917098e+00
  -6.3783541e+01   4.2840837e+00
  -6.3444509e+01   4.2765587e+00
  -6.3106790e+01   4.2691346e+00
  -6.2770385e+01   4.2618116e+00
  -6.2435292e+01   4.2545895e+00
  -6.2101513e+01   4.2474685e+00
  -6.1769046e+01   4.2404485e+00
  -6.1437893e+01   4.2335295e+00
  -6.1108053e+01   4.2267114e+00
  -6.0779526e+01   4.2199944e+00
  -6.0452312e+01   4.2133785e+00
  -6.0126411e+01   4.2068635e+00
  -5.9801823e+01   4.2004495e+00
  -5.9478549e+01   4.1941365e+00
  -5.9156587e+01   4.1879245e+00
  -5.8835938e+01   4.1818136e+00
  -5.8516603e+01   4.1758036e+00
  -5.8198581e+01   4.1698947e+00
  -5.7881872e+01   4.1640868e+00
  -5.7566476e+01   4.1583798e+00
  -5.7252393e+01   4.1527739e+00
  -5.6939623e+01   4.1472690e+00
  -5.6628166e+01   4.1418651e+00
  -5.6318022e+01   4.1365622e+00
  -5.6009192e+01   4.1313603e+00
  -5.5701674e+01   4.1262594e+00
  -5.5395470e+01   4.1212596e+00
  -5.5090579e+01   4.1163607e+00
  -5.4787000e+01   4.1115628e+00
  -5.4484735e+01   4.1068660e+00
  -5.4183783e+01   4.1022701e+00
  -5.3884144e+01   4.0977753e+00
  -5.3585819e+01   4.0933815e+00
  -5.3288806e+01   4.0890887e+00
  -5.2993106e+01   4.0848968e+00
  -5.2698720e+01   4.0808060e+00
  -5.2405646e+01   4.0768162e+00
  -5.2113886e+01   4.0729275e+00
  -5.1823439e+01   4.0691397e+00
  -5.1534305e+01   4.0654529e+00
  -5.1246484e+01   4.0618671e+00
  -5.0959976e+01   4.0583824e+00
  -5.0674781e+01   4.0549986e+00
  -5.0390899e+01   4.0517159e+00
  -5.0108331e+01   4.0485341e+00
  -4.9827075e+01   4.0454534e+00
  -4.9547133e+01   4.0424737e+00
  -4.9268503e+01   4.0395950e+00
  -4.8991187e+01   4.0368173e+00
  -4.8715184e+01   4.0341406e+00
  -4.8440494e+01   4.0315649e+00
  -4.8167117e+01   4.0290902e+00
  -4.7895053e+01   4.0267165e+00
  -4.7624302e+01   4.0244438e+00
  -4.7354865e+01   4.0222722e+00
  -4.7086740e+01   4.0202015e+00
  -4.6819929e+01   4.0182319e+00
  -4.6554430e+01   4.0163632e+00
  -4.6290245e+01   4.0145956e+00
  -4.6027373e+01   4.0129290e+00
  -4.5765814e+01   4.0113633e+00
  -4.5505568e+01   4.0098987e+00
  -4.5246635e+01   4.0085351e+00
  -4.4989015e+01   4.0072725e+00
  -4.4732709e+01   4.0061110e+00
  -4.4477715e+01   4.0050504e+00
  -4.4224035e+01   4.0040908e+00
  -4.3971667e+01   4.0032322e+00
  -4.3720613e+01   4.0024747e+00
  -4.3470872e+01   4.0018181e+00
  -4.3222444e+01   4.0012626e+00
  -4.2975329e+01   4.0008081e+00
  -4.2729527e+01   4.0004545e+00
  -4.2485038e+01   4.0002020e+00
  -4.2241863e+01   4.0000505e+00
  -4.2000000e+01   4.0000000e+00
