   2.7719195e+03   1.2999791e+03
   2.7719220e+03   1.2999791e+03
   2.7720557e+03   1.2992447e+03
   2.7721666e+03   1.2986554e+03
   2.7722894e+03   1.2979958e+03
   2.7723850e+03   1.2974754e+03
   2.7725170e+03   1.2967728e+03
   2.7725634e+03   1.2965253e+03
   2.7727104e+03   1.2957463e+03
   2.7727586e+03   1.2954681e+03
   2.7728538e+03   1.2949590e+03
   2.7730287e+03   1.2940248e+03
   2.7730287e+03   1.2940248e+03
   2.7732115e+03   1.2930483e+03
   2.7732515e+03   1.2928410e+03
   2.7734499e+03   1.2917752e+03
   2.7734813e+03   1.2916093e+03
   2.7736142e+03   1.2909017e+03
   2.7736789e+03   1.2905647e+03
   2.7738618e+03   1.2895876e+03
   2.7739071e+03   1.2893466e+03
   2.7740504e+03   1.2886002e+03
   2.7741845e+03   1.2878723e+03
   2.7744264e+03   1.2869398e+03
   2.7744671e+03   1.2863823e+03
   2.7746273e+03   1.2855398e+03
   2.7746726e+03   1.2852966e+03
   2.7748231e+03   1.2846380e+03
   2.7749405e+03   1.2838949e+03
   2.7750671e+03   1.2832223e+03
   2.7751493e+03   1.2827854e+03
   2.7753319e+03   1.2818258e+03
   2.7754010e+03   1.2814667e+03
   2.7754984e+03   1.2809543e+03
   2.7756257e+03   1.2802906e+03
   2.7757446e+03   1.2796755e+03
   2.7758498e+03   1.2791145e+03
   2.7760121e+03   1.2782816e+03
   2.7761033e+03   1.2777915e+03
   2.7762801e+03   1.2768730e+03
   2.7763307e+03   1.2766390e+03
   2.7764444e+03   1.2760475e+03
   2.7765218e+03   1.2756143e+03
   2.7766253e+03   1.2750834e+03
   2.7767624e+03   1.2743766e+03
   2.7768817e+03   1.2737493e+03
   2.7770222e+03   1.2730220e+03
   2.7770784e+03   1.2727346e+03
   2.7772467e+03   1.2718615e+03
   2.7772781e+03   1.2716977e+03
   2.7774270e+03   1.2709352e+03
   2.7775876e+03   1.2704057e+03
   2.7775901e+03   1.2700934e+03
   2.7777297e+03   1.2693762e+03
   2.7777351e+03   1.2693427e+03
   2.7778723e+03   1.2686365e+03
   2.7778724e+03   1.2686365e+03
   2.7780024e+03   1.2679793e+03
   2.7780477e+03   1.2677395e+03
   2.7781831e+03   1.2670441e+03
   2.7781994e+03   1.2669562e+03
   2.7783281e+03   1.2663058e+03
   2.7784424e+03   1.2657264e+03
   2.7784883e+03   1.2654902e+03
   2.7786162e+03   1.2648321e+03
   2.7786906e+03   1.2644545e+03
   2.7787776e+03   1.2640088e+03
   2.7789482e+03   1.2631342e+03
   2.7789812e+03   1.2629694e+03
   2.7791442e+03   1.2621339e+03
   2.7791635e+03   1.2621217e+03
   2.7792831e+03   1.2614636e+03
   2.7794236e+03   1.2607147e+03
   2.7794729e+03   1.2604797e+03
   2.7795885e+03   1.2598868e+03
   2.7797427e+03   1.2591053e+03
   2.7798222e+03   1.2587021e+03
   2.7799104e+03   1.2582507e+03
   2.7799716e+03   1.2579399e+03
   2.7800662e+03   1.2574622e+03
   2.7802034e+03   1.2567719e+03
   2.7802185e+03   1.2566965e+03
   2.7803655e+03   1.2559529e+03
   2.7803657e+03   1.2559529e+03
   2.7805063e+03   1.2552436e+03
   2.7805394e+03   1.2550873e+03
   2.7806755e+03   1.2544024e+03
   2.7808143e+03   1.2537007e+03
   2.7809993e+03   1.2527681e+03
   2.7811887e+03   1.2518193e+03
   2.7813356e+03   1.2511218e+03
   2.7814001e+03   1.2507658e+03
   2.7814829e+03   1.2504299e+03
   2.7815309e+03   1.2501093e+03
   2.7816683e+03   1.2495094e+03
   2.7817512e+03   1.2490136e+03
   2.7818665e+03   1.2484726e+03
   2.7819146e+03   1.2481978e+03
   2.7820044e+03   1.2477599e+03
   2.7821519e+03   1.2470256e+03
   2.7822146e+03   1.2467089e+03
   2.7822890e+03   1.2463368e+03
   2.7823828e+03   1.2458740e+03
   2.7825620e+03   1.2449840e+03
   2.7826687e+03   1.2444601e+03
   2.7829029e+03   1.2433044e+03
   2.7830668e+03   1.2424953e+03
   2.7832389e+03   1.2416512e+03
   2.7832894e+03   1.2414007e+03
   2.7834635e+03   1.2405418e+03
   2.7835614e+03   1.2400671e+03
   2.7836378e+03   1.2396882e+03
   2.7836990e+03   1.2393880e+03
   2.7838384e+03   1.2386991e+03
   2.7839153e+03   1.2383469e+03
   2.7840378e+03   1.2378115e+03
   2.7841513e+03   1.2371705e+03
   2.7842421e+03   1.2367362e+03
   2.7843237e+03   1.2363310e+03
   2.7843900e+03   1.2360383e+03
   2.7844659e+03   1.2356423e+03
   2.7845265e+03   1.2353403e+03
   2.7847183e+03   1.2344092e+03
   2.7847814e+03   1.2341237e+03
   2.7849022e+03   1.2335155e+03
   2.7849742e+03   1.2331662e+03
   2.7850566e+03   1.2327638e+03
   2.7851141e+03   1.2324991e+03
   2.7853037e+03   1.2317339e+03
   2.7854919e+03   1.2306599e+03
   2.7856914e+03   1.2296893e+03
   2.7858337e+03   1.2290537e+03
   2.7859051e+03   1.2286562e+03
   2.7859704e+03   1.2283570e+03
   2.7861131e+03   1.2277008e+03
   2.7861620e+03   1.2274284e+03
   2.7862933e+03   1.2267897e+03
   2.7864345e+03   1.2261092e+03
   2.7866425e+03   1.2251412e+03
   2.7867520e+03   1.2245953e+03
   2.7869161e+03   1.2238097e+03
   2.7870309e+03   1.2233987e+03
   2.7871739e+03   1.2225753e+03
   2.7872316e+03   1.2223040e+03
   2.7873799e+03   1.2215891e+03
   2.7874905e+03   1.2210672e+03
   2.7878680e+03   1.2192652e+03
   2.7880790e+03   1.2183032e+03
   2.7881663e+03   1.2178773e+03
   2.7884197e+03   1.2166699e+03
   2.7885960e+03   1.2161518e+03
   2.7886305e+03   1.2157118e+03
   2.7887187e+03   1.2153833e+03
   2.7888152e+03   1.2147859e+03
   2.7889546e+03   1.2145241e+03
   2.7890032e+03   1.2139050e+03
   2.7891189e+03   1.2133677e+03
   2.7892365e+03   1.2128059e+03
   2.7893609e+03   1.2122214e+03
   2.7893919e+03   1.2121005e+03
   2.7895853e+03   1.2111690e+03
   2.7895956e+03   1.2111392e+03
   2.7897441e+03   1.2104342e+03
   2.7898822e+03   1.2097979e+03
   2.7900392e+03   1.2090519e+03
   2.7902749e+03   1.2079537e+03
   2.7903910e+03   1.2074125e+03
   2.7905281e+03   1.2067744e+03
   2.7905656e+03   1.2066011e+03
   2.7906902e+03   1.2061303e+03
   2.7907996e+03   1.2055111e+03
   2.7908939e+03   1.2050832e+03
   2.7909828e+03   1.2046584e+03
   2.7911559e+03   1.2038639e+03
   2.7914081e+03   1.2027108e+03
   2.7916093e+03   1.2017608e+03
   2.7917411e+03   1.2011578e+03
   2.7918301e+03   1.2007536e+03
   2.7919658e+03   1.2001192e+03
   2.7921264e+03   1.1993855e+03
   2.7922108e+03   1.1990017e+03
   2.7923322e+03   1.1984379e+03
   2.7924675e+03   1.1978166e+03
   2.7925543e+03   1.1974234e+03
   2.7926619e+03   1.1969266e+03
   2.7927641e+03   1.1964613e+03
   2.7929073e+03   1.1958041e+03
   2.7930096e+03   1.1953368e+03
   2.7930995e+03   1.1949339e+03
   2.7933335e+03   1.1938621e+03
   2.7935558e+03   1.1928508e+03
   2.7935559e+03   1.1928508e+03
   2.7937319e+03   1.1920497e+03
   2.7938575e+03   1.1914830e+03
   2.7940109e+03   1.1907857e+03
   2.7941315e+03   1.1902396e+03
   2.7942562e+03   1.1896733e+03
   2.7943544e+03   1.1892311e+03
   2.7945482e+03   1.1883726e+03
   2.7946302e+03   1.1879854e+03
   2.7947304e+03   1.1875390e+03
   2.7948710e+03   1.1869027e+03
   2.7950508e+03   1.1860998e+03
   2.7950508e+03   1.1860998e+03
   2.7952086e+03   1.1853865e+03
   2.7952087e+03   1.1853865e+03
   2.7953920e+03   1.1845635e+03
   2.7954782e+03   1.1841834e+03
   2.7956340e+03   1.1834853e+03
   2.7957545e+03   1.1829524e+03
   2.7958028e+03   1.1827315e+03
   2.7959012e+03   1.1822924e+03
   2.7960135e+03   1.1817849e+03
   2.7960603e+03   1.1815977e+03
   2.7963221e+03   1.1804104e+03
   2.7964099e+03   1.1800190e+03
   2.7965697e+03   1.1793069e+03
   2.7967137e+03   1.1786741e+03
   2.7969022e+03   1.1778462e+03
   2.7969323e+03   1.1777037e+03
   2.7971082e+03   1.1769215e+03
   2.7971842e+03   1.1765900e+03
   2.7973328e+03   1.1759318e+03
   2.7973759e+03   1.1757371e+03
   2.7975342e+03   1.1750462e+03
   2.7976743e+03   1.1744216e+03
   2.7977968e+03   1.1738962e+03
   2.7979025e+03   1.1736611e+03
   2.7980366e+03   1.1728690e+03
   2.7981608e+03   1.1722842e+03
   2.7983625e+03   1.1714042e+03
   2.7985031e+03   1.1707829e+03
   2.7985324e+03   1.1706574e+03
   2.7987545e+03   1.1696821e+03
   2.7989435e+03   1.1688684e+03
   2.7990131e+03   1.1685598e+03
   2.7991016e+03   1.1681700e+03
   2.7993997e+03   1.1671550e+03
   2.7994016e+03   1.1671550e+03
   2.7995304e+03   1.1664044e+03
   2.7995994e+03   1.1660044e+03
   2.7998246e+03   1.1650252e+03
   2.7999069e+03   1.1646717e+03
   2.8000700e+03   1.1640651e+03
   2.8001262e+03   1.1638264e+03
   2.8002315e+03   1.1633012e+03
   2.8003653e+03   1.1627893e+03
   2.8004785e+03   1.1624998e+03
   2.8005894e+03   1.1617232e+03
   2.8005895e+03   1.1617232e+03
   2.8007631e+03   1.1609760e+03
   2.8008134e+03   1.1607636e+03
   2.8010667e+03   1.1596655e+03
   2.8012023e+03   1.1590856e+03
   2.8013375e+03   1.1585031e+03
   2.8014766e+03   1.1579071e+03
   2.8015982e+03   1.1573909e+03
   2.8018324e+03   1.1563890e+03
   2.8018559e+03   1.1562856e+03
   2.8021010e+03   1.1552473e+03
   2.8021713e+03   1.1549412e+03
   2.8022659e+03   1.1545369e+03
   2.8024103e+03   1.1539250e+03
   2.8025993e+03   1.1533089e+03
   2.8027879e+03   1.1525088e+03
   2.8028842e+03   1.1519183e+03
   2.8030011e+03   1.1514168e+03
   2.8031941e+03   1.1506001e+03
   2.8033790e+03   1.1498195e+03
   2.8035300e+03   1.1492680e+03
   2.8037193e+03   1.1485546e+03
   2.8037323e+03   1.1483344e+03
   2.8039375e+03   1.1475118e+03
   2.8040736e+03   1.1470609e+03
   2.8041918e+03   1.1463979e+03
   2.8044992e+03   1.1454372e+03
   2.8045521e+03   1.1449031e+03
   2.8045890e+03   1.1447487e+03
   2.8047509e+03   1.1440605e+03
   2.8048932e+03   1.1434690e+03
   2.8049315e+03   1.1432985e+03
   2.8051832e+03   1.1422493e+03
   2.8053150e+03   1.1417086e+03
   2.8054273e+03   1.1412822e+03
   2.8055497e+03   1.1407934e+03
   2.8056635e+03   1.1402527e+03
   2.8059412e+03   1.1391353e+03
   2.8061481e+03   1.1382612e+03
   2.8061481e+03   1.1382612e+03
   2.8064137e+03   1.1371507e+03
   2.8065081e+03   1.1367663e+03
   2.8068756e+03   1.1352420e+03
   2.8070358e+03   1.1345911e+03
   2.8071323e+03   1.1341835e+03
   2.8074121e+03   1.1330464e+03
   2.8075259e+03   1.1325719e+03
   2.8076083e+03   1.1322484e+03
   2.8076898e+03   1.1319100e+03
   2.8078614e+03   1.1311991e+03
   2.8078626e+03   1.1311991e+03
   2.8080199e+03   1.1305518e+03
   2.8080649e+03   1.1303629e+03
   2.8083513e+03   1.1291985e+03
   2.8084598e+03   1.1287651e+03
   2.8087637e+03   1.1275169e+03
   2.8088971e+03   1.1269872e+03
   2.8090399e+03   1.1263993e+03
   2.8092055e+03   1.1257328e+03
   2.8093816e+03   1.1250296e+03
   2.8095016e+03   1.1245419e+03
   2.8097031e+03   1.1237166e+03
   2.8099953e+03   1.1225408e+03
   2.8100112e+03   1.1224772e+03
   2.8101559e+03   1.1218935e+03
   2.8102953e+03   1.1213373e+03
   2.8105019e+03   1.1205105e+03
   2.8106592e+03   1.1198764e+03
   2.8108179e+03   1.1192692e+03
   2.8110318e+03   1.1183855e+03
   2.8112234e+03   1.1180004e+03
   2.8112815e+03   1.1174208e+03
   2.8115101e+03   1.1164760e+03
   2.8116960e+03   1.1157743e+03
   2.8118142e+03   1.1152696e+03
   2.8119747e+03   1.1146649e+03
   2.8121115e+03   1.1140873e+03
   2.8123388e+03   1.1134842e+03
   2.8124940e+03   1.1125680e+03
   2.8126698e+03   1.1118738e+03
   2.8128655e+03   1.1111609e+03
   2.8130992e+03   1.1103023e+03
   2.8132369e+03   1.1096450e+03
   2.8135185e+03   1.1085348e+03
   2.8137257e+03   1.1077217e+03
   2.8138485e+03   1.1072503e+03
   2.8139595e+03   1.1068088e+03
   2.8141021e+03   1.1062792e+03
   2.8141795e+03   1.1059536e+03
   2.8143580e+03   1.1052521e+03
   2.8145138e+03   1.1046472e+03
   2.8145638e+03   1.1044447e+03
   2.8146892e+03   1.1039567e+03
   2.8148402e+03   1.1033965e+03
   2.8150460e+03   1.1027090e+03
   2.8151706e+03   1.1020929e+03
   2.8152342e+03   1.1018375e+03
   2.8154472e+03   1.1010243e+03
   2.8157429e+03   1.0998700e+03
   2.8159040e+03   1.0992565e+03
   2.8160420e+03   1.0987724e+03
   2.8161922e+03   1.0981435e+03
   2.8162997e+03   1.0977225e+03
   2.8163769e+03   1.0974834e+03
   2.8166337e+03   1.0964488e+03
   2.8167833e+03   1.0961580e+03
   2.8168782e+03   1.0955372e+03
   2.8169431e+03   1.0952849e+03
   2.8170539e+03   1.0948393e+03
   2.8172693e+03   1.0940065e+03
   2.8174554e+03   1.0933159e+03
   2.8176077e+03   1.0927104e+03
   2.8176358e+03   1.0926067e+03
   2.8177928e+03   1.0920051e+03
   2.8178948e+03   1.0916222e+03
   2.8179879e+03   1.0912610e+03
   2.8181653e+03   1.0905918e+03
   2.8182818e+03   1.0901461e+03
   2.8185109e+03   1.0892813e+03
   2.8186712e+03   1.0886707e+03
   2.8189808e+03   1.0874978e+03
   2.8192081e+03   1.0866536e+03
   2.8194878e+03   1.0861584e+03
   2.8195071e+03   1.0855138e+03
   2.8197995e+03   1.0844228e+03
   2.8199117e+03   1.0839930e+03
   2.8200088e+03   1.0836294e+03
   2.8202117e+03   1.0829520e+03
   2.8202791e+03   1.0826209e+03
   2.8204007e+03   1.0821591e+03
   2.8205234e+03   1.0817239e+03
   2.8208152e+03   1.0806334e+03
   2.8209988e+03   1.0799376e+03
   2.8210676e+03   1.0796762e+03
   2.8212204e+03   1.0790997e+03
   2.8213378e+03   1.0786667e+03
   2.8214937e+03   1.0780891e+03
   2.8215995e+03   1.0777834e+03
   2.8217027e+03   1.0773110e+03
   2.8219273e+03   1.0764822e+03
   2.8221608e+03   1.0758831e+03
   2.8222826e+03   1.0751617e+03
   2.8223972e+03   1.0747398e+03
   2.8226342e+03   1.0739572e+03
   2.8228349e+03   1.0731253e+03
   2.8229200e+03   1.0728286e+03
   2.8231255e+03   1.0720574e+03
   2.8234496e+03   1.0708795e+03
   2.8234502e+03   1.0708795e+03
   2.8237529e+03   1.0697614e+03
   2.8240258e+03   1.0687644e+03
   2.8242697e+03   1.0678778e+03
   2.8243064e+03   1.0677496e+03
   2.8244730e+03   1.0671311e+03
   2.8245755e+03   1.0667625e+03
   2.8247313e+03   1.0661988e+03
   2.8248694e+03   1.0657645e+03
   2.8249970e+03   1.0652328e+03
   2.8251767e+03   1.0645833e+03
   2.8252035e+03   1.0644809e+03
   2.8253809e+03   1.0638416e+03
   2.8254330e+03   1.0636539e+03
   2.8256011e+03   1.0630439e+03
   2.8256683e+03   1.0628338e+03
   2.8259334e+03   1.0618455e+03
   2.8260538e+03   1.0614142e+03
   2.8261381e+03   1.0611170e+03
   2.8264030e+03   1.0601584e+03
   2.8266940e+03   1.0593351e+03
   2.8268393e+03   1.0586579e+03
   2.8269325e+03   1.0582611e+03
   2.8271175e+03   1.0576065e+03
   2.8272105e+03   1.0572644e+03
   2.8274412e+03   1.0564436e+03
   2.8275724e+03   1.0559755e+03
   2.8277447e+03   1.0553654e+03
   2.8278173e+03   1.0551071e+03
   2.8279677e+03   1.0545672e+03
   2.8281546e+03   1.0539057e+03
   2.8282647e+03   1.0538062e+03
   2.8283407e+03   1.0532448e+03
   2.8284935e+03   1.0529949e+03
   2.8287069e+03   1.0519474e+03
   2.8287079e+03   1.0519474e+03
   2.8288985e+03   1.0512705e+03
   2.8289929e+03   1.0509360e+03
   2.8291975e+03   1.0502209e+03
   2.8294730e+03   1.0492502e+03
   2.8296339e+03   1.0486860e+03
   2.8297199e+03   1.0483833e+03
   2.8298560e+03   1.0479060e+03
   2.8300485e+03   1.0474680e+03
   2.8301617e+03   1.0468287e+03
   2.8304841e+03   1.0457005e+03
   2.8306752e+03   1.0450330e+03
   2.8307837e+03   1.0447175e+03
   2.8309840e+03   1.0439622e+03
   2.8311659e+03   1.0436282e+03
   2.8312210e+03   1.0431309e+03
   2.8313951e+03   1.0425356e+03
   2.8316764e+03   1.0425226e+03
   2.8316826e+03   1.0415288e+03
   2.8318368e+03   1.0414089e+03
   2.8319106e+03   1.0407392e+03
   2.8320755e+03   1.0404834e+03
   2.8322187e+03   1.0396784e+03
   2.8324136e+03   1.0390014e+03
   2.8326035e+03   1.0385430e+03
   2.8327467e+03   1.0378552e+03
   2.8328451e+03   1.0375182e+03
   2.8330452e+03   1.0368376e+03
   2.8331801e+03   1.0363636e+03
   2.8334357e+03   1.0354935e+03
   2.8336919e+03   1.0353019e+03
   2.8337361e+03   1.0344697e+03
   2.8338792e+03   1.0339719e+03
   2.8340423e+03   1.0334248e+03
   2.8341872e+03   1.0329216e+03
   2.8344789e+03   1.0319361e+03
   2.8346513e+03   1.0313406e+03
   2.8348199e+03   1.0307757e+03
   2.8351419e+03   1.0298641e+03
   2.8351431e+03   1.0298641e+03
   2.8354448e+03   1.0286646e+03
   2.8354988e+03   1.0284751e+03
   2.8356435e+03   1.0279885e+03
   2.8359325e+03   1.0270260e+03
   2.8360818e+03   1.0265076e+03
   2.8363455e+03   1.0256156e+03
   2.8365321e+03   1.0249903e+03
   2.8368453e+03   1.0239376e+03
   2.8368480e+03   1.0239376e+03
   2.8371690e+03   1.0228599e+03
   2.8373335e+03   1.0223011e+03
   2.8374114e+03   1.0222299e+03
   2.8375859e+03   1.0214587e+03
   2.8381872e+03   1.0194667e+03
   2.8384120e+03   1.0187802e+03
   2.8386430e+03   1.0179554e+03
   2.8386505e+03   1.0179384e+03
   2.8388607e+03   1.0172276e+03
   2.8390270e+03   1.0166837e+03
   2.8391648e+03   1.0162262e+03
   2.8393991e+03   1.0154740e+03
   2.8394495e+03   1.0152830e+03
   2.8396717e+03   1.0145657e+03
   2.8398400e+03   1.0139996e+03
   2.8402060e+03   1.0127964e+03
   2.8402474e+03   1.0126756e+03
   2.8404736e+03   1.0119253e+03
   2.8407784e+03   1.0109237e+03
   2.8408945e+03   1.0106795e+03
   2.8410478e+03   1.0100716e+03
   2.8412309e+03   1.0094485e+03
   2.8414214e+03   1.0088351e+03
   2.8415252e+03   1.0085411e+03
   2.8416267e+03   1.0081627e+03
   2.8418947e+03   1.0073170e+03
   2.8423299e+03   1.0058874e+03
   2.8424403e+03   1.0055290e+03
   2.8426194e+03   1.0049516e+03
   2.8428506e+03   1.0042056e+03
   2.8430735e+03   1.0034850e+03
   2.8432575e+03   1.0032907e+03
   2.8433313e+03   1.0026588e+03
   2.8435153e+03   1.0021058e+03
   2.8436970e+03   1.0014818e+03
   2.8438703e+03   1.0009334e+03
   2.8441074e+03   1.0002662e+03
   2.8443105e+03   9.9952621e+02
   2.8443739e+03   9.9932114e+02
   2.8446355e+03   9.9850030e+02
   2.8448699e+03   9.9774264e+02
   2.8449783e+03   9.9741560e+02
   2.8453450e+03   9.9648208e+02
   2.8455462e+03   9.9559693e+02
   2.8456719e+03   9.9519462e+02
   2.8458794e+03   9.9453579e+02
   2.8459950e+03   9.9418155e+02
   2.8462353e+03   9.9341703e+02
   2.8464518e+03   9.9273849e+02
   2.8466558e+03   9.9208531e+02
   2.8467443e+03   9.9188487e+02
   2.8469599e+03   9.9113197e+02
   2.8471616e+03   9.9050055e+02
   2.8474239e+03   9.8968205e+02
   2.8474336e+03   9.8965724e+02
   2.8477079e+03   9.8879064e+02
   2.8477833e+03   9.8856146e+02
   2.8480248e+03   9.8794772e+02
   2.8480586e+03   9.8769546e+02
   2.8482609e+03   9.8721496e+02
   2.8483907e+03   9.8666746e+02
   2.8485661e+03   9.8611831e+02
   2.8486538e+03   9.8584077e+02
   2.8488980e+03   9.8508491e+02
   2.8490376e+03   9.8464992e+02
   2.8493763e+03   9.8360437e+02
   2.8495304e+03   9.8313543e+02
   2.8496973e+03   9.8262566e+02
   2.8499172e+03   9.8193379e+02
   2.8501803e+03   9.8112397e+02
   2.8503443e+03   9.8061950e+02
   2.8506132e+03   9.7979585e+02
   2.8507030e+03   9.7953800e+02
   2.8508523e+03   9.7905816e+02
   2.8509724e+03   9.7877928e+02
   2.8512339e+03   9.7789307e+02
   2.8515725e+03   9.7685922e+02
   2.8516885e+03   9.7650491e+02
   2.8519047e+03   9.7584841e+02
   2.8520341e+03   9.7546635e+02
   2.8523615e+03   9.7445896e+02
   2.8523615e+03   9.7445896e+02
   2.8526226e+03   9.7366829e+02
   2.8526783e+03   9.7349522e+02
   2.8529629e+03   9.7285216e+02
   2.8531264e+03   9.7214546e+02
   2.8532917e+03   9.7164635e+02
   2.8534800e+03   9.7117048e+02
   2.8538231e+03   9.7039726e+02
   2.8539030e+03   9.6980887e+02
   2.8540163e+03   9.6946675e+02
   2.8542914e+03   9.6863608e+02
   2.8544333e+03   9.6821768e+02
   2.8547508e+03   9.6726203e+02
   2.8549445e+03   9.6667899e+02
   2.8552689e+03   9.6578589e+02
   2.8556309e+03   9.6463465e+02
   2.8558518e+03   9.6397958e+02
   2.8560700e+03   9.6334128e+02
   2.8562811e+03   9.6271029e+02
   2.8564945e+03   9.6207174e+02
   2.8564946e+03   9.6207174e+02
   2.8567153e+03   9.6142188e+02
   2.8570466e+03   9.6044276e+02
   2.8571696e+03   9.6008649e+02
   2.8575296e+03   9.5902298e+02
   2.8576469e+03   9.5879373e+02
   2.8577853e+03   9.5827376e+02
   2.8578674e+03   9.5809982e+02
   2.8580242e+03   9.5756719e+02
   2.8584263e+03   9.5638975e+02
   2.8585167e+03   9.5613337e+02
   2.8587665e+03   9.5539638e+02
   2.8589921e+03   9.5474281e+02
   2.8589987e+03   9.5472348e+02
   2.8592861e+03   9.5388326e+02
   2.8595125e+03   9.5323955e+02
   2.8596993e+03   9.5268341e+02
   2.8598916e+03   9.5219763e+02
   2.8602692e+03   9.5103764e+02
   2.8603015e+03   9.5094393e+02
   2.8604911e+03   9.5039402e+02
   2.8607416e+03   9.4969094e+02
   2.8610398e+03   9.4882596e+02
   2.8614569e+03   9.4786875e+02
   2.8616492e+03   9.4706067e+02
   2.8618437e+03   9.4650324e+02
   2.8619312e+03   9.4625381e+02
   2.8620666e+03   9.4586552e+02
   2.8623041e+03   9.4544313e+02
   2.8624879e+03   9.4491822e+02
   2.8626929e+03   9.4407760e+02
   2.8626930e+03   9.4407760e+02
   2.8629354e+03   9.4338774e+02
   2.8629746e+03   9.4327951e+02
   2.8631950e+03   9.4265516e+02
   2.8632307e+03   9.4255183e+02
   2.8634411e+03   9.4195167e+02
   2.8635627e+03   9.4160714e+02
   2.8637951e+03   9.4094569e+02
   2.8639993e+03   9.4039074e+02
   2.8641760e+03   9.3987405e+02
   2.8644172e+03   9.3918998e+02
   2.8646642e+03   9.3850007e+02
   2.8647840e+03   9.3816253e+02
   2.8649865e+03   9.3759988e+02
   2.8651521e+03   9.3736126e+02
   2.8652807e+03   9.3676192e+02
   2.8654024e+03   9.3642035e+02
   2.8657607e+03   9.3542572e+02
   2.8658837e+03   9.3509394e+02
   2.8662948e+03   9.3455159e+02
   2.8663631e+03   9.3375425e+02
   2.8665993e+03   9.3308433e+02
   2.8668121e+03   9.3248478e+02
   2.8671522e+03   9.3154300e+02
   2.8674677e+03   9.3066573e+02
   2.8676878e+03   9.3033787e+02
   2.8678579e+03   9.2962861e+02
   2.8679873e+03   9.2923784e+02
   2.8682309e+03   9.2855858e+02
   2.8682519e+03   9.2850393e+02
   2.8685059e+03   9.2780274e+02
   2.8686589e+03   9.2746711e+02
   2.8688083e+03   9.2697008e+02
   2.8689562e+03   9.2658287e+02
   2.8690832e+03   9.2621476e+02
   2.8692357e+03   9.2579912e+02
   2.8695014e+03   9.2508163e+02
   2.8697232e+03   9.2446283e+02
   2.8698639e+03   9.2407925e+02
   2.8700835e+03   9.2348148e+02
   2.8702265e+03   9.2328949e+02
   2.8703550e+03   9.2274790e+02
   2.8704458e+03   9.2250391e+02
   2.8708108e+03   9.2151008e+02
   2.8710132e+03   9.2095015e+02
   2.8710838e+03   9.2076090e+02
   2.8712952e+03   9.2019145e+02
   2.8715458e+03   9.1950999e+02
   2.8717604e+03   9.1893037e+02
   2.8720175e+03   9.1823959e+02
   2.8720176e+03   9.1823959e+02
   2.8722614e+03   9.1758479e+02
   2.8724019e+03   9.1721973e+02
   2.8727305e+03   9.1632558e+02
   2.8727362e+03   9.1630821e+02
   2.8729652e+03   9.1568927e+02
   2.8731687e+03   9.1514358e+02
   2.8733900e+03   9.1455435e+02
   2.8737699e+03   9.1353779e+02
   2.8742366e+03   9.1262778e+02
   2.8743959e+03   9.1186928e+02
   2.8744305e+03   9.1178488e+02
   2.8746446e+03   9.1120909e+02
   2.8747473e+03   9.1093872e+02
   2.8749826e+03   9.1031462e+02
   2.8751939e+03   9.0981806e+02
   2.8755711e+03   9.0876608e+02
   2.8758051e+03   9.0815873e+02
   2.8758531e+03   9.0801092e+02
   2.8761602e+03   9.0720649e+02
   2.8761608e+03   9.0720649e+02
   2.8764747e+03   9.0638856e+02
   2.8767651e+03   9.0561898e+02
   2.8768757e+03   9.0532508e+02
   2.8771344e+03   9.0465258e+02
   2.8773486e+03   9.0408665e+02
   2.8776590e+03   9.0330338e+02
   2.8778011e+03   9.0292713e+02
   2.8780321e+03   9.0230677e+02
   2.8781012e+03   9.0212722e+02
   2.8784248e+03   9.0129264e+02
   2.8786534e+03   9.0069602e+02
   2.8788713e+03   9.0012454e+02
   2.8792019e+03   8.9927890e+02
   2.8792345e+03   8.9918607e+02
   2.8795741e+03   8.9831704e+02
   2.8797620e+03   8.9782631e+02
   2.8804204e+03   8.9613582e+02
   2.8807453e+03   8.9529781e+02
   2.8810992e+03   8.9443010e+02
   2.8812420e+03   8.9403133e+02
   2.8815357e+03   8.9328395e+02
   2.8815971e+03   8.9317091e+02
   2.8819012e+03   8.9234366e+02
   2.8821069e+03   8.9183233e+02
   2.8824091e+03   8.9105193e+02
   2.8825635e+03   8.9089009e+02
   2.8827427e+03   8.9022645e+02
   2.8829577e+03   8.8968018e+02
   2.8832842e+03   8.8884522e+02
   2.8834086e+03   8.8852911e+02
   2.8837035e+03   8.8778678e+02
   2.8839928e+03   8.8758730e+02
   2.8840615e+03   8.8689074e+02
   2.8844342e+03   8.8630130e+02
   2.8845455e+03   8.8624687e+02
   2.8847279e+03   8.8533514e+02
   2.8849833e+03   8.8514937e+02
   2.8850750e+03   8.8446498e+02
   2.8852993e+03   8.8408122e+02
   2.8853623e+03   8.8381481e+02
   2.8857698e+03   8.8300227e+02
   2.8857818e+03   8.8300227e+02
   2.8860136e+03   8.8228844e+02
   2.8860756e+03   8.8221347e+02
   2.8863016e+03   8.8156950e+02
   2.8866448e+03   8.8104970e+02
   2.8869494e+03   8.8037261e+02
   2.8870331e+03   8.7992406e+02
   2.8875298e+03   8.7884735e+02
   2.8875298e+03   8.7884735e+02
   2.8877845e+03   8.7808758e+02
   2.8879832e+03   8.7774515e+02
   2.8885593e+03   8.7638756e+02
   2.8885669e+03   8.7638750e+02
   2.8890135e+03   8.7576217e+02
   2.8890726e+03   8.7512169e+02
   2.8893278e+03   8.7450691e+02
   2.8898103e+03   8.7373588e+02
   2.8900010e+03   8.7315269e+02
   2.8900939e+03   8.7272168e+02
   2.8904285e+03   8.7196570e+02
   2.8908306e+03   8.7102470e+02
   2.8910395e+03   8.7061426e+02
   2.8912706e+03   8.7016016e+02
   2.8915286e+03   8.6952807e+02
   2.8915743e+03   8.6940178e+02
   2.8917848e+03   8.6884785e+02
   2.8920021e+03   8.6857398e+02
   2.8922445e+03   8.6787325e+02
   2.8925357e+03   8.6735119e+02
   2.8927359e+03   8.6668404e+02
   2.8928895e+03   8.6631689e+02
   2.8933157e+03   8.6562219e+02
   2.8934905e+03   8.6520355e+02
   2.8936415e+03   8.6466151e+02
   2.8940588e+03   8.6370608e+02
   2.8943170e+03   8.6319581e+02
   2.8945213e+03   8.6271425e+02
   2.8951403e+03   8.6209355e+02
   2.8951824e+03   8.6199411e+02
   2.8952165e+03   8.6129326e+02
   2.8952890e+03   8.6113531e+02
   2.8956141e+03   8.6046456e+02
   2.8957937e+03   8.5991171e+02
   2.8962571e+03   8.5878309e+02
   2.8964695e+03   8.5842361e+02
   2.8967719e+03   8.5776437e+02
   2.8973506e+03   8.5723421e+02
   2.8973857e+03   8.5635401e+02
   2.8975308e+03   8.5597479e+02
   2.8978331e+03   8.5530483e+02
   2.8978340e+03   8.5530483e+02
   2.8982268e+03   8.5457491e+02
   2.8987156e+03   8.5406741e+02
   2.8989918e+03   8.5311506e+02
   2.8990336e+03   8.5269883e+02
   2.8993112e+03   8.5205416e+02
   2.8997287e+03   8.5127159e+02
   2.8999684e+03   8.5052885e+02
   2.9002664e+03   8.4996952e+02
   2.9006013e+03   8.4975489e+02
   2.9006871e+03   8.4900012e+02
   2.9007871e+03   8.4879572e+02
   2.9011557e+03   8.4796959e+02
   2.9013618e+03   8.4789917e+02
   2.9015088e+03   8.4719546e+02
   2.9020082e+03   8.4635531e+02
   2.9020329e+03   8.4621406e+02
   2.9022007e+03   8.4567866e+02
   2.9026275e+03   8.4520285e+02
   2.9026658e+03   8.4476896e+02
   2.9029877e+03   8.4415414e+02
   2.9031125e+03   8.4407160e+02
   2.9033516e+03   8.4324100e+02
   2.9037513e+03   8.4254695e+02
   2.9040157e+03   8.4190488e+02
   2.9042543e+03   8.4131370e+02
   2.9045733e+03   8.4061798e+02
   2.9046925e+03   8.4032519e+02
   2.9050488e+03   8.3974535e+02
   2.9053696e+03   8.3894349e+02
   2.9055016e+03   8.3864666e+02
   2.9057447e+03   8.3811007e+02
   2.9060370e+03   8.3781084e+02
   2.9062847e+03   8.3708658e+02
   2.9066540e+03   8.3649134e+02
   2.9068392e+03   8.3576329e+02
   2.9071837e+03   8.3529791e+02
   2.9075724e+03   8.3443341e+02
   2.9081854e+03   8.3329422e+02
   2.9083788e+03   8.3255703e+02
   2.9083790e+03   8.3255703e+02
   2.9086588e+03   8.3193866e+02
   2.9090333e+03   8.3142191e+02
   2.9092352e+03   8.3080533e+02
   2.9094175e+03   8.3071262e+02
   2.9096202e+03   8.3013103e+02
   2.9098413e+03   8.2948025e+02
   2.9100590e+03   8.2940662e+02
   2.9102545e+03   8.2859969e+02
   2.9102545e+03   8.2859969e+02
   2.9105664e+03   8.2798697e+02
   2.9110439e+03   8.2780541e+02
   2.9110814e+03   8.2706996e+02
   2.9112626e+03   8.2705311e+02
   2.9114356e+03   8.2634613e+02
   2.9117296e+03   8.2565829e+02
   2.9121319e+03   8.2475563e+02
   2.9121418e+03   8.2475563e+02
   2.9125348e+03   8.2391138e+02
   2.9125526e+03   8.2386965e+02
   2.9128644e+03   8.2325207e+02
   2.9130953e+03   8.2296331e+02
   2.9133296e+03   8.2233135e+02
   2.9133296e+03   8.2233135e+02
   2.9136910e+03   8.2155329e+02
   2.9142438e+03   8.2060926e+02
   2.9143550e+03   8.2037913e+02
   2.9146684e+03   8.1955481e+02
   2.9149333e+03   8.1901780e+02
   2.9151601e+03   8.1861941e+02
   2.9154572e+03   8.1800581e+02
   2.9159566e+03   8.1742863e+02
   2.9162698e+03   8.1664782e+02
   2.9166864e+03   8.1561356e+02
   2.9167466e+03   8.1544022e+02
   2.9170807e+03   8.1477639e+02
   2.9172389e+03   8.1447929e+02
   2.9174148e+03   8.1410779e+02
   2.9178932e+03   8.1306633e+02
   2.9183411e+03   8.1217770e+02
   2.9188078e+03   8.1175588e+02
   2.9188107e+03   8.1124321e+02
   2.9191949e+03   8.1055032e+02
   2.9193328e+03   8.1026604e+02
   2.9196563e+03   8.0985792e+02
   2.9198946e+03   8.0932453e+02
   2.9201815e+03   8.0876169e+02
   2.9204285e+03   8.0821890e+02
   2.9205123e+03   8.0807278e+02
   2.9208509e+03   8.0726472e+02
   2.9211347e+03   8.0677210e+02
   2.9214098e+03   8.0618653e+02
   2.9217517e+03   8.0546715e+02
   2.9218031e+03   8.0536154e+02
   2.9223664e+03   8.0435583e+02
   2.9226490e+03   8.0389371e+02
   2.9226880e+03   8.0367806e+02
   2.9230548e+03   8.0288908e+02
   2.9234164e+03   8.0233721e+02
   2.9236419e+03   8.0176630e+02
   2.9238552e+03   8.0134335e+02
   2.9242356e+03   8.0062891e+02
   2.9243112e+03   8.0047458e+02
   2.9247793e+03   7.9987779e+02
   2.9250389e+03   7.9939780e+02
   2.9254791e+03   7.9846369e+02
   2.9255305e+03   7.9833208e+02
   2.9259170e+03   7.9735290e+02
   2.9262030e+03   7.9718430e+02
   2.9263342e+03   7.9653838e+02
   2.9266172e+03   7.9629009e+02
   2.9269053e+03   7.9553189e+02
   2.9272037e+03   7.9490061e+02
   2.9276076e+03   7.9462687e+02
   2.9277158e+03   7.9395586e+02
   2.9280806e+03   7.9354706e+02
   2.9281254e+03   7.9314659e+02
   2.9286169e+03   7.9222053e+02
   2.9289335e+03   7.9213715e+02
   2.9289479e+03   7.9157653e+02
   2.9293689e+03   7.9105767e+02
   2.9294734e+03   7.9085036e+02
   2.9297064e+03   7.9013586e+02
   2.9300853e+03   7.8991731e+02
   2.9302412e+03   7.8933520e+02
   2.9304976e+03   7.8899372e+02
   2.9307512e+03   7.8843233e+02
   2.9308174e+03   7.8809329e+02
   2.9310334e+03   7.8765270e+02
   2.9314147e+03   7.8700285e+02
   2.9317019e+03   7.8641208e+02
   2.9319396e+03   7.8597056e+02
   2.9320809e+03   7.8571848e+02
   2.9324293e+03   7.8509845e+02
   2.9326675e+03   7.8463632e+02
   2.9328050e+03   7.8441915e+02
   2.9330226e+03   7.8399294e+02
   2.9335255e+03   7.8301051e+02
   2.9339507e+03   7.8241550e+02
   2.9339911e+03   7.8223121e+02
   2.9342150e+03   7.8173677e+02
   2.9343152e+03   7.8154179e+02
   2.9346604e+03   7.8093352e+02
   2.9348857e+03   7.8049601e+02
   2.9353757e+03   7.7980071e+02
   2.9354245e+03   7.7969320e+02
   2.9358360e+03   7.7888883e+02
   2.9358364e+03   7.7888883e+02
   2.9362566e+03   7.7808672e+02
   2.9367134e+03   7.7719683e+02
   2.9373067e+03   7.7628573e+02
   2.9374487e+03   7.7581593e+02
   2.9377377e+03   7.7533856e+02
   2.9380940e+03   7.7474179e+02
   2.9384461e+03   7.7443557e+02
   2.9388493e+03   7.7329663e+02
   2.9389287e+03   7.7315717e+02
   2.9393870e+03   7.7244953e+02
   2.9393870e+03   7.7244953e+02
   2.9398588e+03   7.7155147e+02
   2.9401453e+03   7.7101028e+02
   2.9404625e+03   7.7040975e+02
   2.9408310e+03   7.6975143e+02
   2.9412668e+03   7.6918529e+02
   2.9418635e+03   7.6833716e+02
   2.9420531e+03   7.6783856e+02
   2.9420743e+03   7.6766757e+02
   2.9425014e+03   7.6693629e+02
   2.9425111e+03   7.6693629e+02
   2.9428930e+03   7.6614641e+02
   2.9431985e+03   7.6563715e+02
   2.9436769e+03   7.6519011e+02
   2.9437529e+03   7.6458494e+02
   2.9442234e+03   7.6389367e+02
   2.9443429e+03   7.6378485e+02
   2.9445542e+03   7.6312263e+02
   2.9447190e+03   7.6286399e+02
   2.9451811e+03   7.6210348e+02
   2.9451812e+03   7.6210348e+02
   2.9456476e+03   7.6130523e+02
   2.9456528e+03   7.6130521e+02
   2.9460910e+03   7.6058410e+02
   2.9464479e+03   7.6004800e+02
   2.9467427e+03   7.5946865e+02
   2.9474643e+03   7.5856606e+02
   2.9474651e+03   7.5856606e+02
   2.9478429e+03   7.5751058e+02
   2.9482671e+03   7.5673733e+02
   2.9483326e+03   7.5661811e+02
   2.9485984e+03   7.5612054e+02
   2.9489884e+03   7.5547466e+02
   2.9492369e+03   7.5500431e+02
   2.9498168e+03   7.5401446e+02
   2.9502105e+03   7.5345723e+02
   2.9505108e+03   7.5282941e+02
   2.9507950e+03   7.5252171e+02
   2.9511502e+03   7.5177962e+02
   2.9514232e+03   7.5139261e+02
   2.9517601e+03   7.5081553e+02
   2.9521729e+03   7.4998336e+02
   2.9523291e+03   7.4991359e+02
   2.9526819e+03   7.4913990e+02
   2.9531228e+03   7.4837575e+02
   2.9534955e+03   7.4799333e+02
   2.9536351e+03   7.4764106e+02
   2.9540002e+03   7.4712673e+02
   2.9542068e+03   7.4657150e+02
   2.9544187e+03   7.4624209e+02
   2.9547088e+03   7.4589932e+02
   2.9547888e+03   7.4559273e+02
   2.9549809e+03   7.4525474e+02
   2.9552508e+03   7.4481877e+02
   2.9555865e+03   7.4454637e+02
   2.9558279e+03   7.4383359e+02
   2.9563432e+03   7.4334633e+02
   2.9565598e+03   7.4261474e+02
   2.9570000e+03   7.4205250e+02
   2.9574817e+03   7.4201606e+02
   2.9575498e+03   7.4131766e+02
   2.9579037e+03   7.4076869e+02
   2.9582531e+03   7.4041483e+02
   2.9585229e+03   7.3969668e+02
   2.9585695e+03   7.3953938e+02
   2.9588482e+03   7.3908517e+02
   2.9593704e+03   7.3830040e+02
   2.9594812e+03   7.3783289e+02
   2.9599343e+03   7.3714018e+02
   2.9603294e+03   7.3646020e+02
   2.9606735e+03   7.3592084e+02
   2.9608683e+03   7.3581830e+02
   2.9613101e+03   7.3487383e+02
   2.9615385e+03   7.3445489e+02
   2.9619860e+03   7.3394772e+02
   2.9620902e+03   7.3358063e+02
   2.9623618e+03   7.3311669e+02
   2.9630375e+03   7.3221155e+02
   2.9630375e+03   7.3221155e+02
   2.9633277e+03   7.3156464e+02
   2.9635022e+03   7.3129607e+02
   2.9638374e+03   7.3077363e+02
   2.9642440e+03   7.3039357e+02
   2.9642560e+03   7.3008331e+02
   2.9647876e+03   7.2925157e+02
   2.9650559e+03   7.2893324e+02
   2.9653740e+03   7.2830464e+02
   2.9658495e+03   7.2826648e+02
   2.9659441e+03   7.2745120e+02
   2.9660295e+03   7.2730783e+02
   2.9664118e+03   7.2671990e+02
   2.9667070e+03   7.2649185e+02
   2.9671255e+03   7.2585207e+02
   2.9673415e+03   7.2527039e+02
   2.9675890e+03   7.2487152e+02
   2.9681281e+03   7.2410634e+02
   2.9684042e+03   7.2346766e+02
   2.9685239e+03   7.2326858e+02
   2.9690604e+03   7.2242639e+02
   2.9695685e+03   7.2179517e+02
   2.9700308e+03   7.2121507e+02
   2.9703548e+03   7.2041550e+02
   2.9708219e+03   7.1973101e+02
   2.9711997e+03   7.1927187e+02
   2.9714307e+03   7.1872812e+02
   2.9719758e+03   7.1825683e+02
   2.9721508e+03   7.1776184e+02
   2.9726511e+03   7.1691125e+02
   2.9731088e+03   7.1635881e+02
   2.9735279e+03   7.1569578e+02
   2.9736871e+03   7.1532738e+02
   2.9738901e+03   7.1504045e+02
   2.9742228e+03   7.1447565e+02
   2.9743195e+03   7.1429731e+02
   2.9747926e+03   7.1355489e+02
   2.9752020e+03   7.1301219e+02
   2.9757984e+03   7.1278661e+02
   2.9758525e+03   7.1204083e+02
   2.9761316e+03   7.1152147e+02
   2.9765491e+03   7.1089321e+02
   2.9768318e+03   7.1043281e+02
   2.9772977e+03   7.1014320e+02
   2.9776038e+03   7.0931452e+02
   2.9785109e+03   7.0845334e+02
   2.9786243e+03   7.0776504e+02
   2.9793353e+03   7.0715508e+02
   2.9796098e+03   7.0651423e+02
   2.9798807e+03   7.0627357e+02
   2.9802181e+03   7.0573937e+02
   2.9806882e+03   7.0500680e+02
   2.9810357e+03   7.0451010e+02
   2.9814144e+03   7.0392442e+02
   2.9815462e+03   7.0345561e+02
   2.9819394e+03   7.0287589e+02
   2.9822535e+03   7.0240405e+02
   2.9825787e+03   7.0202596e+02
   2.9832734e+03   7.0094608e+02
   2.9835765e+03   7.0088444e+02
   2.9837249e+03   7.0024413e+02
   2.9837365e+03   7.0021893e+02
   2.9846290e+03   6.9900486e+02
   2.9852122e+03   6.9806330e+02
   2.9928589e+03   6.9781178e+02
   2.9977446e+03   6.9779587e+02
   3.0022140e+03   6.9778143e+02
   3.0035940e+03   6.9777699e+02
   3.0066802e+03   6.9777583e+02
   3.0095835e+03   6.9775798e+02
   3.0117835e+03   6.9775102e+02
   3.0149428e+03   6.9774374e+02
   3.0219294e+03   6.9771926e+02
   3.0277779e+03   6.9770116e+02
   3.0320589e+03   6.9768794e+02
   3.0338298e+03   6.9768254e+02
   3.0372301e+03   6.9767309e+02
   3.0395480e+03   6.9766503e+02
   3.0422256e+03   6.9765706e+02
   3.0431137e+03   6.9765435e+02
   3.0466574e+03   6.9765422e+02
   3.0477591e+03   6.9765251e+02
   3.0508234e+03   6.9763101e+02
   3.0539113e+03   6.9762173e+02
   3.0592475e+03   6.9760585e+02
   3.0626356e+03   6.9759582e+02
   3.0658840e+03   6.9759483e+02
   3.0721235e+03   6.9756794e+02
   3.0760241e+03   6.9755951e+02
   3.0783800e+03   6.9754975e+02
   3.0834345e+03   6.9753516e+02
   3.0837719e+03   6.9753419e+02
   3.0868783e+03   6.9752525e+02
   3.0894950e+03   6.9751783e+02
   3.0919207e+03   6.9751154e+02
   3.0957890e+03   6.9749984e+02
   3.0983910e+03   6.9749315e+02
   3.1013424e+03   6.9748415e+02
   3.1044702e+03   6.9747535e+02
   3.1064693e+03   6.9747029e+02
   3.1083009e+03   6.9746464e+02
   3.1145964e+03   6.9744784e+02
   3.1203254e+03   6.9743132e+02
   3.1229920e+03   6.9742398e+02
   3.1240525e+03   6.9742113e+02
   3.1268743e+03   6.9741335e+02
   3.1293062e+03   6.9740678e+02
   3.1328739e+03   6.9739704e+02
   3.1375606e+03   6.9739077e+02
   3.1381878e+03   6.9738268e+02
   3.1417544e+03   6.9737334e+02
   3.1461368e+03   6.9736137e+02
   3.1493669e+03   6.9735280e+02
   3.1518226e+03   6.9734856e+02
   3.1527427e+03   6.9734450e+02
   3.1551300e+03   6.9733981e+02
   3.1585622e+03   6.9732852e+02
   3.1585622e+03   6.9732852e+02
   3.1635432e+03   6.9731564e+02
   3.1635483e+03   6.9731564e+02
   3.1687448e+03   6.9730205e+02
   3.1701826e+03   6.9729870e+02
   3.1733640e+03   6.9728992e+02
   3.1745635e+03   6.9728682e+02
   3.1797070e+03   6.9727360e+02
   3.1831358e+03   6.9726538e+02
   3.1859685e+03   6.9725784e+02
   3.1900653e+03   6.9724721e+02
   3.1900737e+03   6.9724720e+02
   3.1936527e+03   6.9723814e+02
   3.1965441e+03   6.9723085e+02
   3.2002291e+03   6.9722162e+02
   3.2040517e+03   6.9721214e+02
   3.2049284e+03   6.9720991e+02
   3.2084527e+03   6.9720113e+02
   3.2089235e+03   6.9720057e+02
   3.2125270e+03   6.9719106e+02
   3.2164065e+03   6.9718150e+02
   3.2192419e+03   6.9717455e+02
   3.2251595e+03   6.9716070e+02
   3.2266234e+03   6.9715678e+02
   3.2313625e+03   6.9714657e+02
   3.2324013e+03   6.9714314e+02
   3.2351429e+03   6.9713596e+02
   3.2368468e+03   6.9713187e+02
   3.2403444e+03   6.9712350e+02
   3.2441407e+03   6.9711490e+02
   3.2476492e+03   6.9710612e+02
   3.2496800e+03   6.9710130e+02
   3.2530905e+03   6.9709388e+02
   3.2559030e+03   6.9708664e+02
   3.2586672e+03   6.9708015e+02
   3.2614793e+03   6.9707372e+02
   3.2650441e+03   6.9706527e+02
   3.2689756e+03   6.9706028e+02
   3.2720489e+03   6.9704906e+02
   3.2776465e+03   6.9703619e+02
   3.2796184e+03   6.9703169e+02
   3.2829920e+03   6.9702398e+02
   3.2846243e+03   6.9702027e+02
   3.2867564e+03   6.9701542e+02
   3.2887690e+03   6.9701089e+02
   3.2923585e+03   6.9700318e+02
   3.2944582e+03   6.9699826e+02
   3.2963140e+03   6.9699388e+02
   3.2997523e+03   6.9698615e+02
   3.3018654e+03   6.9698142e+02
   3.3040315e+03   6.9697880e+02
   3.3081535e+03   6.9696744e+02
   3.3101971e+03   6.9696344e+02
   3.3119611e+03   6.9695904e+02
   3.3159092e+03   6.9695033e+02
   3.3207337e+03   6.9693974e+02
   3.3244179e+03   6.9693175e+02
   3.3252792e+03   6.9692983e+02
   3.3303036e+03   6.9691894e+02
   3.3318811e+03   6.9691607e+02
   3.3337473e+03   6.9691150e+02
   3.3367787e+03   6.9690593e+02
   3.3430119e+03   6.9689217e+02
   3.3459943e+03   6.9688529e+02
   3.3484821e+03   6.9688002e+02
   3.3528652e+03   6.9687071e+02
   3.3552830e+03   6.9686604e+02
   3.3600991e+03   6.9685550e+02
   3.3629371e+03   6.9685467e+02
   3.3642159e+03   6.9684689e+02
   3.3677001e+03   6.9683963e+02
   3.3677034e+03   6.9683963e+02
   3.3710130e+03   6.9683277e+02
   3.3720331e+03   6.9683066e+02
   3.3772448e+03   6.9682039e+02
   3.3805450e+03   6.9681868e+02
   3.3814984e+03   6.9681192e+02
   3.3843186e+03   6.9680590e+02
   3.3904623e+03   6.9679291e+02
   3.3930726e+03   6.9679273e+02
   3.3959959e+03   6.9678170e+02
   3.4004840e+03   6.9677284e+02
   3.4026746e+03   6.9676827e+02
   3.4059056e+03   6.9676316e+02
   3.4068295e+03   6.9675997e+02
   3.4107249e+03   6.9675220e+02
   3.4123339e+03   6.9674916e+02
   3.4149478e+03   6.9674431e+02
   3.4186302e+03   6.9673657e+02
   3.4262988e+03   6.9672189e+02
   3.4277841e+03   6.9672017e+02
   3.4327279e+03   6.9670899e+02
   3.4342759e+03   6.9670599e+02
   3.4364500e+03   6.9670177e+02
   3.4396563e+03   6.9669702e+02
   3.4428070e+03   6.9668957e+02
   3.4458971e+03   6.9668359e+02
   3.4485187e+03   6.9667999e+02
   3.4517374e+03   6.9667249e+02
   3.4574028e+03   6.9666330e+02
   3.4614165e+03   6.9665409e+02
   3.4619466e+03   6.9665313e+02
   3.4665434e+03   6.9664445e+02
   3.4683372e+03   6.9664257e+02
   3.4698743e+03   6.9663835e+02
   3.4733763e+03   6.9663374e+02
   3.4763283e+03   6.9662617e+02
   3.4789915e+03   6.9662158e+02
   3.4810450e+03   6.9661745e+02
   3.4837995e+03   6.9661234e+02
   3.4879226e+03   6.9660508e+02
   3.4908045e+03   6.9659950e+02
   3.4968226e+03   6.9658849e+02
   3.4983791e+03   6.9658567e+02
   3.5027348e+03   6.9657781e+02
   3.5029318e+03   6.9657768e+02
   3.5060753e+03   6.9657172e+02
   3.5083796e+03   6.9656757e+02
   3.5117317e+03   6.9656156e+02
   3.5121631e+03   6.9656130e+02
   3.5155849e+03   6.9655465e+02
   3.5160838e+03   6.9655377e+02
   3.5200305e+03   6.9654676e+02
   3.5215965e+03   6.9654395e+02
   3.5254448e+03   6.9653747e+02
   3.5287360e+03   6.9653132e+02
   3.5313970e+03   6.9652681e+02
   3.5363779e+03   6.9651788e+02
   3.5393156e+03   6.9651275e+02
   3.5426037e+03   6.9650703e+02
   3.5449530e+03   6.9650307e+02
   3.5491856e+03   6.9649560e+02
   3.5538760e+03   6.9648762e+02
   3.5552712e+03   6.9648537e+02
   3.5587695e+03   6.9647913e+02
   3.5615156e+03   6.9647448e+02
   3.5628574e+03   6.9647213e+02
   3.5650015e+03   6.9647160e+02
   3.5664920e+03   6.9646712e+02
   3.5702381e+03   6.9645968e+02
   3.5763421e+03   6.9644932e+02
   3.5798597e+03   6.9644336e+02
   3.5838872e+03   6.9643661e+02
   3.5883126e+03   6.9643018e+02
   3.5913074e+03   6.9642425e+02
   3.5942843e+03   6.9642076e+02
   3.5967725e+03   6.9641521e+02
   3.6030129e+03   6.9640492e+02
   3.6055679e+03   6.9640074e+02
   3.6079438e+03   6.9639686e+02
   3.6094038e+03   6.9639447e+02
   3.6112892e+03   6.9639140e+02
   3.6160261e+03   6.9638369e+02
   3.6192007e+03   6.9637855e+02
   3.6257982e+03   6.9636805e+02
   3.6262083e+03   6.9636728e+02
   3.6295511e+03   6.9636195e+02
   3.6314165e+03   6.9635908e+02
   3.6358040e+03   6.9635193e+02
   3.6385550e+03   6.9634783e+02
   3.6418416e+03   6.9634233e+02
   3.6418862e+03   6.9634233e+02
   3.6457088e+03   6.9633645e+02
   3.6461529e+03   6.9633552e+02
   3.6507808e+03   6.9632824e+02
   3.6507808e+03   6.9632824e+02
   3.6549053e+03   6.9632180e+02
   3.6569454e+03   6.9631896e+02
   3.6601062e+03   6.9631402e+02
   3.6623496e+03   6.9631049e+02
   3.6643036e+03   6.9630717e+02
   3.6670666e+03   6.9630289e+02
   3.6695120e+03   6.9629909e+02
   3.6736844e+03   6.9629266e+02
   3.6756136e+03   6.9628972e+02
   3.6775776e+03   6.9628679e+02
   3.6802734e+03   6.9628383e+02
   3.6838572e+03   6.9627727e+02
   3.6872423e+03   6.9627196e+02
   3.6935998e+03   6.9626236e+02
   3.6974017e+03   6.9625660e+02
   3.7016786e+03   6.9625032e+02
   3.7018624e+03   6.9624991e+02
   3.7067797e+03   6.9624389e+02
   3.7072764e+03   6.9624182e+02
   3.7106752e+03   6.9623801e+02
   3.7130333e+03   6.9623328e+02
   3.7165828e+03   6.9622800e+02
   3.7169793e+03   6.9622742e+02
   3.7226150e+03   6.9621954e+02
   3.7250313e+03   6.9621555e+02
   3.7279454e+03   6.9621139e+02
   3.7308225e+03   6.9620934e+02
   3.7323274e+03   6.9620489e+02
   3.7366335e+03   6.9619863e+02
   3.7372939e+03   6.9619766e+02
   3.7408634e+03   6.9619249e+02
   3.7423613e+03   6.9619037e+02
   3.7463458e+03   6.9618459e+02
   3.7504561e+03   6.9617880e+02
   3.7544092e+03   6.9617490e+02
   3.7556653e+03   6.9617123e+02
   3.7580427e+03   6.9616815e+02
   3.7598451e+03   6.9616530e+02
   3.7620390e+03   6.9616215e+02
   3.7632201e+03   6.9616052e+02
   3.7721167e+03   6.9614792e+02
   3.7752098e+03   6.9614360e+02
   3.7782205e+03   6.9613946e+02
   3.7818394e+03   6.9613429e+02
   3.7848522e+03   6.9613027e+02
   3.7862688e+03   6.9612964e+02
   3.7884529e+03   6.9612643e+02
   3.7919273e+03   6.9612028e+02
   3.7919278e+03   6.9612028e+02
   3.7952559e+03   6.9611572e+02
   3.7987475e+03   6.9611118e+02
   3.8018595e+03   6.9610663e+02
   3.8049426e+03   6.9610241e+02
   3.8083682e+03   6.9609771e+02
   3.8115015e+03   6.9609347e+02
   3.8132749e+03   6.9609104e+02
   3.8169228e+03   6.9608612e+02
   3.8170563e+03   6.9608612e+02
   3.8208419e+03   6.9608092e+02
   3.8242230e+03   6.9607629e+02
   3.8275970e+03   6.9607172e+02
   3.8281370e+03   6.9607149e+02
   3.8314683e+03   6.9606660e+02
   3.8347281e+03   6.9606219e+02
   3.8369773e+03   6.9605919e+02
   3.8380751e+03   6.9605773e+02
   3.8436267e+03   6.9605039e+02
   3.8484568e+03   6.9604400e+02
   3.8517974e+03   6.9603960e+02
   3.8537796e+03   6.9603700e+02
   3.8577355e+03   6.9603182e+02
   3.8606079e+03   6.9602808e+02
   3.8641555e+03   6.9602346e+02
   3.8678113e+03   6.9601872e+02
   3.8687738e+03   6.9601747e+02
   3.8717829e+03   6.9601358e+02
   3.8735678e+03   6.9601137e+02
   3.8759589e+03   6.9600820e+02
   3.8783999e+03   6.9600589e+02
   3.8809952e+03   6.9600174e+02
   3.8855811e+03   6.9599587e+02
   3.8891423e+03   6.9599133e+02
   3.8891671e+03   6.9599131e+02
   3.8947780e+03   6.9598418e+02
   3.8952222e+03   6.9598361e+02
   3.8992510e+03   6.9597857e+02
   3.8993798e+03   6.9597842e+02
   3.9027996e+03   6.9597416e+02
   3.9060871e+03   6.9596995e+02
   3.9084810e+03   6.9596693e+02
   3.9125579e+03   6.9596183e+02
   3.9138281e+03   6.9596116e+02
   3.9159816e+03   6.9595766e+02
   3.9190907e+03   6.9595383e+02
   3.9205331e+03   6.9595191e+02
   3.9227910e+03   6.9594921e+02
   3.9242253e+03   6.9594734e+02
   3.9276843e+03   6.9594307e+02
   3.9319649e+03   6.9593784e+02
   3.9348857e+03   6.9593431e+02
   3.9397522e+03   6.9592839e+02
   3.9398893e+03   6.9592839e+02
   3.9442628e+03   6.9592279e+02
   3.9490977e+03   6.9591711e+02
   3.9508110e+03   6.9591545e+02
   3.9536851e+03   6.9591167e+02
   3.9555342e+03   6.9590939e+02
   3.9581879e+03   6.9590595e+02
   3.9601053e+03   6.9590595e+02
   3.9633983e+03   6.9589973e+02
   3.9662882e+03   6.9589624e+02
   3.9680985e+03   6.9589420e+02
   3.9727957e+03   6.9588850e+02
   3.9768802e+03   6.9588366e+02
   3.9825530e+03   6.9587725e+02
   3.9853010e+03   6.9587402e+02
   3.9868946e+03   6.9587189e+02
   3.9912647e+03   6.9586672e+02
   3.9961339e+03   6.9586105e+02
   3.9991211e+03   6.9585786e+02
   4.0022907e+03   6.9585391e+02
   4.0056205e+03   6.9585022e+02
   4.0094567e+03   6.9584573e+02
   4.0095979e+03   6.9584573e+02
   4.0133800e+03   6.9584111e+02
   4.0166217e+03   6.9583736e+02
   4.0227650e+03   6.9583055e+02
   4.0227679e+03   6.9583055e+02
   4.0267540e+03   6.9582579e+02
   4.0295001e+03   6.9582267e+02
   4.0315137e+03   6.9582038e+02
   4.0349296e+03   6.9581912e+02
   4.0374783e+03   6.9581372e+02
   4.0417426e+03   6.9580901e+02
   4.0430245e+03   6.9580740e+02
   4.0463023e+03   6.9580372e+02
   4.0495165e+03   6.9580013e+02
   4.0524718e+03   6.9579683e+02
   4.0547603e+03   6.9579536e+02
   4.0574748e+03   6.9579126e+02
   4.0596774e+03   6.9578938e+02
   4.0614515e+03   6.9578689e+02
   4.0666926e+03   6.9578110e+02
   4.0705856e+03   6.9577679e+02
   4.0709260e+03   6.9577641e+02
   4.0749676e+03   6.9577251e+02
   4.0773462e+03   6.9576937e+02
   4.0790703e+03   6.9576752e+02
   4.0821101e+03   6.9576419e+02
   4.0853821e+03   6.9576065e+02
   4.0875528e+03   6.9576065e+02
   4.0915556e+03   6.9575393e+02
   4.0927669e+03   6.9575262e+02
   4.0949083e+03   6.9575031e+02
   4.0977202e+03   6.9574728e+02
   4.1008751e+03   6.9574578e+02
   4.1037942e+03   6.9574091e+02
   4.1061645e+03   6.9573823e+02
   4.1079987e+03   6.9573627e+02
   4.1120402e+03   6.9573252e+02
   4.1150584e+03   6.9572875e+02
   4.1160606e+03   6.9572769e+02
   4.1186064e+03   6.9572500e+02
   4.1204776e+03   6.9572308e+02
   4.1240274e+03   6.9571927e+02
   4.1265766e+03   6.9571658e+02
   4.1274989e+03   6.9571606e+02
   4.1318086e+03   6.9571149e+02
   4.1336833e+03   6.9570913e+02
   4.1365654e+03   6.9570611e+02
   4.1398009e+03   6.9570274e+02
   4.1449886e+03   6.9569743e+02
   4.1458876e+03   6.9569641e+02
   4.1491770e+03   6.9569301e+02
   4.1541301e+03   6.9568789e+02
   4.1559739e+03   6.9568612e+02
   4.1581858e+03   6.9568372e+02
   4.1612186e+03   6.9568061e+02
   4.1652413e+03   6.9567661e+02
   4.1652422e+03   6.9567661e+02
   4.1705905e+03   6.9567103e+02
   4.1757097e+03   6.9566583e+02
   4.1781012e+03   6.9566341e+02
   4.1796928e+03   6.9566181e+02
   4.1847821e+03   6.9565667e+02
   4.1871969e+03   6.9565426e+02
   4.1929335e+03   6.9564848e+02
   4.1960418e+03   6.9564538e+02
   4.1991221e+03   6.9564251e+02
   4.2024663e+03   6.9563898e+02
   4.2042730e+03   6.9563849e+02
   4.2083376e+03   6.9563316e+02
   4.2108717e+03   6.9563065e+02
   4.2144544e+03   6.9562712e+02
   4.2166920e+03   6.9562506e+02
   4.2212073e+03   6.9562052e+02
   4.2239479e+03   6.9561781e+02
   4.2272354e+03   6.9561496e+02
   4.2298912e+03   6.9561201e+02
   4.2310362e+03   6.9561108e+02
   4.2339942e+03   6.9560802e+02
   4.2374608e+03   6.9560465e+02
   4.2414233e+03   6.9560083e+02
   4.2448576e+03   6.9559751e+02
   4.2448631e+03   6.9559750e+02
   4.2483664e+03   6.9559413e+02
   4.2511036e+03   6.9559151e+02
   4.2543204e+03   6.9558842e+02
   4.2563021e+03   6.9558653e+02
   4.2599225e+03   6.9558308e+02
   4.2625753e+03   6.9558092e+02
   4.2682184e+03   6.9557520e+02
   4.2722391e+03   6.9557140e+02
   4.2783984e+03   6.9556560e+02
   4.2828328e+03   6.9556179e+02
   4.2860010e+03   6.9555847e+02
   4.2899923e+03   6.9555475e+02
   4.2912205e+03   6.9555384e+02
   4.2938832e+03   6.9555113e+02
   4.2961325e+03   6.9554906e+02
   4.3014716e+03   6.9554409e+02
   4.3045317e+03   6.9554126e+02
   4.3084578e+03   6.9553765e+02
   4.3107645e+03   6.9553554e+02
   4.3127732e+03   6.9553368e+02
   4.3164469e+03   6.9553032e+02
   4.3175103e+03   6.9552936e+02
   4.3229001e+03   6.9552446e+02
   4.3257995e+03   6.9552192e+02
   4.3296435e+03   6.9551834e+02
   4.3323396e+03   6.9551587e+02
   4.3338957e+03   6.9551459e+02
   4.3371587e+03   6.9551186e+02
   4.3419106e+03   6.9550739e+02
   4.3468484e+03   6.9550282e+02
   4.3490494e+03   6.9550237e+02
   4.3519433e+03   6.9549829e+02
   4.3549705e+03   6.9549560e+02
   4.3561653e+03   6.9549463e+02
   4.3604730e+03   6.9549069e+02
   4.3630409e+03   6.9548909e+02
   4.3641906e+03   6.9548741e+02
   4.3679345e+03   6.9548446e+02
   4.3714987e+03   6.9548133e+02
   4.3736842e+03   6.9547903e+02
   4.3753867e+03   6.9547761e+02
   4.3804068e+03   6.9547370e+02
   4.3825714e+03   6.9547125e+02
   4.3884767e+03   6.9546611e+02
   4.3907515e+03   6.9546413e+02
   4.3926586e+03   6.9546251e+02
   4.3972421e+03   6.9545906e+02
   4.3989903e+03   6.9545702e+02
   4.4011615e+03   6.9545513e+02
   4.4039542e+03   6.9545273e+02
   4.4101014e+03   6.9544745e+02
   4.4121978e+03   6.9544568e+02
   4.4142302e+03   6.9544392e+02
   4.4192599e+03   6.9543963e+02
   4.4237433e+03   6.9543591e+02
   4.4267094e+03   6.9543331e+02
   4.4301205e+03   6.9543051e+02
   4.4332801e+03   6.9542776e+02
   4.4357613e+03   6.9542632e+02
   4.4383260e+03   6.9542352e+02
   4.4406672e+03   6.9542156e+02
   4.4437595e+03   6.9541928e+02
   4.4474975e+03   6.9541587e+02
   4.4504977e+03   6.9541344e+02
   4.4537673e+03   6.9541071e+02
   4.4564720e+03   6.9540837e+02
   4.4597115e+03   6.9540570e+02
   4.4619002e+03   6.9540404e+02
   4.4645537e+03   6.9540185e+02
   4.4677964e+03   6.9539903e+02
   4.4705595e+03   6.9539677e+02
   4.4738508e+03   6.9539404e+02
   4.4765404e+03   6.9539230e+02
   4.4822696e+03   6.9538734e+02
   4.4848246e+03   6.9538508e+02
   4.4876309e+03   6.9538281e+02
   4.4896221e+03   6.9538118e+02
   4.4928414e+03   6.9537858e+02
   4.4964660e+03   6.9537566e+02
   4.4983689e+03   6.9537412e+02
   4.5017011e+03   6.9537144e+02
   4.5037076e+03   6.9536982e+02
   4.5075002e+03   6.9536679e+02
   4.5098697e+03   6.9536489e+02
   4.5169500e+03   6.9535923e+02
   4.5176602e+03   6.9535866e+02
   4.5218086e+03   6.9535545e+02
   4.5231809e+03   6.9535427e+02
   4.5258912e+03   6.9535215e+02
   4.5286980e+03   6.9535064e+02
   4.5308157e+03   6.9534887e+02
   4.5334436e+03   6.9534621e+02
   4.5362040e+03   6.9534404e+02
   4.5400363e+03   6.9534205e+02
   4.5415527e+03   6.9533986e+02
   4.5492376e+03   6.9533380e+02
   4.5503225e+03   6.9533380e+02
   4.5539587e+03   6.9533012e+02
   4.5560696e+03   6.9532848e+02
   4.5592215e+03   6.9532604e+02
   4.5630189e+03   6.9532314e+02
   4.5659971e+03   6.9532089e+02
   4.5706893e+03   6.9531726e+02
   4.5741060e+03   6.9531457e+02
   4.5776118e+03   6.9531189e+02
   4.5812583e+03   6.9530913e+02
   4.5857040e+03   6.9530574e+02
   4.5887828e+03   6.9530339e+02
   4.5911667e+03   6.9530158e+02
   4.5931406e+03   6.9530025e+02
   4.5959061e+03   6.9529801e+02
   4.5990455e+03   6.9529561e+02
   4.6034653e+03   6.9529263e+02
   4.6059275e+03   6.9529087e+02
   4.6082813e+03   6.9528870e+02
   4.6126248e+03   6.9528543e+02
   4.6179284e+03   6.9528165e+02
   4.6223909e+03   6.9527834e+02
   4.6290228e+03   6.9527344e+02
   4.6315467e+03   6.9527135e+02
   4.6356037e+03   6.9526841e+02
   4.6393740e+03   6.9526558e+02
   4.6415272e+03   6.9526400e+02
   4.6446970e+03   6.9526168e+02
   4.6480489e+03   6.9525923e+02
   4.6504197e+03   6.9525750e+02
   4.6526107e+03   6.9525590e+02
   4.6564580e+03   6.9525310e+02
   4.6609418e+03   6.9524984e+02
   4.6652809e+03   6.9524670e+02
   4.6664739e+03   6.9524584e+02
   4.6714394e+03   6.9524226e+02
   4.6749445e+03   6.9524124e+02
   4.6775527e+03   6.9523787e+02
   4.6807837e+03   6.9523556e+02
   4.6831077e+03   6.9523389e+02
   4.6842059e+03   6.9523311e+02
   4.6877037e+03   6.9523061e+02
   4.6914834e+03   6.9522792e+02
   4.6943485e+03   6.9522589e+02
   4.6950685e+03   6.9522588e+02
   4.6977295e+03   6.9522349e+02
   4.7010496e+03   6.9522114e+02
   4.7021121e+03   6.9522066e+02
   4.7064473e+03   6.9521734e+02
   4.7100462e+03   6.9521481e+02
   4.7137375e+03   6.9521223e+02
   4.7162839e+03   6.9521043e+02
   4.7203400e+03   6.9520760e+02
   4.7222910e+03   6.9520624e+02
   4.7245344e+03   6.9520553e+02
   4.7278611e+03   6.9520237e+02
   4.7280823e+03   6.9520221e+02
   4.7322037e+03   6.9520024e+02
   4.7325351e+03   6.9519914e+02
   4.7370838e+03   6.9519599e+02
   4.7400274e+03   6.9519397e+02
   4.7422866e+03   6.9519238e+02
   4.7443320e+03   6.9519182e+02
   4.7475875e+03   6.9518874e+02
   4.7497858e+03   6.9518763e+02
   4.7528021e+03   6.9518517e+02
   4.7559273e+03   6.9518303e+02
   4.7620381e+03   6.9517926e+02
   4.7637077e+03   6.9517773e+02
   4.7676542e+03   6.9517505e+02
   4.7687468e+03   6.9517432e+02
   4.7721607e+03   6.9517201e+02
   4.7764851e+03   6.9516920e+02
   4.7782302e+03   6.9516791e+02
   4.7830839e+03   6.9516477e+02
   4.7847699e+03   6.9516390e+02
   4.7869980e+03   6.9516218e+02
   4.7883283e+03   6.9516115e+02
   4.7930630e+03   6.9515804e+02
   4.7930637e+03   6.9515804e+02
   4.7978024e+03   6.9515508e+02
   4.8014266e+03   6.9515240e+02
   4.8050266e+03   6.9515002e+02
   4.8056637e+03   6.9514961e+02
   4.8090904e+03   6.9514734e+02
   4.8123238e+03   6.9514519e+02
   4.8128523e+03   6.9514519e+02
   4.8161318e+03   6.9514268e+02
   4.8195024e+03   6.9514047e+02
   4.8249722e+03   6.9513689e+02
   4.8273961e+03   6.9513545e+02
   4.8312806e+03   6.9513293e+02
   4.8332399e+03   6.9513148e+02
   4.8366512e+03   6.9512926e+02
   4.8375958e+03   6.9512880e+02
   4.8425904e+03   6.9512542e+02
   4.8448792e+03   6.9512393e+02
   4.8467376e+03   6.9512293e+02
   4.8519753e+03   6.9511936e+02
   4.8533797e+03   6.9511851e+02
   4.8567858e+03   6.9511626e+02
   4.8586424e+03   6.9511512e+02
   4.8622629e+03   6.9511301e+02
   4.8627920e+03   6.9511241e+02
   4.8667056e+03   6.9510999e+02
   4.8688270e+03   6.9510856e+02
   4.8723799e+03   6.9510629e+02
   4.8739855e+03   6.9510530e+02
   4.8780698e+03   6.9510268e+02
   4.8806458e+03   6.9510106e+02
   4.8823763e+03   6.9509997e+02
   4.8856919e+03   6.9509787e+02
   4.8905670e+03   6.9509479e+02
   4.8932779e+03   6.9509309e+02
   4.8989117e+03   6.9508956e+02
   4.8999963e+03   6.9508888e+02
   4.9045011e+03   6.9508606e+02
   4.9076194e+03   6.9508412e+02
   4.9088754e+03   6.9508335e+02
   4.9110568e+03   6.9508198e+02
   4.9141405e+03   6.9508013e+02
   4.9159527e+03   6.9507901e+02
   4.9177778e+03   6.9507788e+02
   4.9208182e+03   6.9507597e+02
   4.9230955e+03   6.9507454e+02
   4.9274277e+03   6.9507229e+02
   4.9304977e+03   6.9506997e+02
   4.9337773e+03   6.9506796e+02
   4.9368758e+03   6.9506616e+02
   4.9394204e+03   6.9506479e+02
   4.9412748e+03   6.9506338e+02
   4.9437529e+03   6.9506187e+02
   4.9465426e+03   6.9506019e+02
   4.9520054e+03   6.9505684e+02
   4.9553254e+03   6.9505483e+02
   4.9591843e+03   6.9505250e+02
   4.9611669e+03   6.9505172e+02
   4.9640908e+03   6.9504954e+02
   4.9698443e+03   6.9504608e+02
   4.9711449e+03   6.9504529e+02
   4.9750881e+03   6.9504295e+02
   4.9771201e+03   6.9504172e+02
   4.9818749e+03   6.9504143e+02
   4.9850554e+03   6.9503698e+02
   4.9865515e+03   6.9503609e+02
   4.9902438e+03   6.9503394e+02
   4.9905513e+03   6.9503394e+02
   4.9944033e+03   6.9503144e+02
   4.9952543e+03   6.9503093e+02
   4.9994416e+03   6.9502854e+02
   5.0039970e+03   6.9502578e+02
   5.0059255e+03   6.9502472e+02
   5.0094518e+03   6.9502353e+02
   5.0094534e+03   6.9502353e+02
   5.0133022e+03   6.9502032e+02
   5.0133076e+03   6.9502032e+02
   5.0174944e+03   6.9501786e+02
   5.0180805e+03   6.9501753e+02
   5.0224880e+03   6.9501495e+02
   5.0275602e+03   6.9501200e+02
   5.0312354e+03   6.9500991e+02
   5.0325095e+03   6.9500913e+02
   5.0386157e+03   6.9500566e+02
   5.0417020e+03   6.9500382e+02
   5.0446831e+03   6.9500211e+02
   5.0482534e+03   6.9500005e+02
   5.0511966e+03   6.9499837e+02
   5.0566900e+03   6.9499523e+02
   5.0584180e+03   6.9499424e+02
   5.0633155e+03   6.9499150e+02
   5.0654148e+03   6.9499026e+02
   5.0685542e+03   6.9498847e+02
   5.0712694e+03   6.9498715e+02
   5.0743050e+03   6.9498522e+02
   5.0778525e+03   6.9498321e+02
   5.0801447e+03   6.9498192e+02
   5.0849478e+03   6.9497922e+02
   5.0857392e+03   6.9497878e+02
   5.0890831e+03   6.9497690e+02
   5.0904424e+03   6.9497635e+02
   5.0949727e+03   6.9497362e+02
   5.0949728e+03   6.9497362e+02
   5.1005610e+03   6.9497072e+02
   5.1039945e+03   6.9496864e+02
   5.1074713e+03   6.9496664e+02
   5.1101825e+03   6.9496519e+02
   5.1142010e+03   6.9496295e+02
   5.1155732e+03   6.9496215e+02
   5.1183442e+03   6.9496063e+02
   5.1222993e+03   6.9495845e+02
   5.1242963e+03   6.9495752e+02
   5.1278734e+03   6.9495538e+02
   5.1279893e+03   6.9495538e+02
   5.1343131e+03   6.9495186e+02
   5.1364596e+03   6.9495068e+02
   5.1391335e+03   6.9494927e+02
   5.1415696e+03   6.9494790e+02
   5.1462785e+03   6.9494536e+02
   5.1491191e+03   6.9494410e+02
   5.1499553e+03   6.9494335e+02
   5.1527617e+03   6.9494182e+02
   5.1549537e+03   6.9494064e+02
   5.1589034e+03   6.9493850e+02
   5.1616350e+03   6.9493705e+02
   5.1655137e+03   6.9493512e+02
   5.1687648e+03   6.9493323e+02
   5.1704758e+03   6.9493228e+02
   5.1748750e+03   6.9493002e+02
   5.1775322e+03   6.9492851e+02
   5.1813737e+03   6.9492647e+02
   5.1827115e+03   6.9492576e+02
   5.1869064e+03   6.9492352e+02
   5.1892108e+03   6.9492230e+02
   5.1918586e+03   6.9492089e+02
   5.1948472e+03   6.9491932e+02
   5.1972878e+03   6.9491802e+02
   5.2016542e+03   6.9491579e+02
   5.2038785e+03   6.9491456e+02
   5.2056658e+03   6.9491447e+02
   5.2083676e+03   6.9491220e+02
   5.2119793e+03   6.9491036e+02
   5.2139186e+03   6.9490929e+02
   5.2167226e+03   6.9490782e+02
   5.2197828e+03   6.9490630e+02
   5.2233825e+03   6.9490441e+02
   5.2234319e+03   6.9490432e+02
   5.2298554e+03   6.9490098e+02
   5.2334753e+03   6.9489910e+02
   5.2367060e+03   6.9489743e+02
   5.2399719e+03   6.9489676e+02
   5.2421768e+03   6.9489467e+02
   5.2495579e+03   6.9489081e+02
   5.2560125e+03   6.9488973e+02
   5.2600185e+03   6.9488546e+02
   5.2620638e+03   6.9488442e+02
   5.2647666e+03   6.9488353e+02
   5.2667209e+03   6.9488211e+02
   5.2701394e+03   6.9488031e+02
   5.2732275e+03   6.9487874e+02
   5.2782447e+03   6.9487622e+02
   5.2804437e+03   6.9487510e+02
   5.2837616e+03   6.9487342e+02
   5.2868623e+03   6.9487186e+02
   5.2884340e+03   6.9487156e+02
   5.2906009e+03   6.9487006e+02
   5.2941492e+03   6.9486820e+02
   5.2976763e+03   6.9486645e+02
   5.3039517e+03   6.9486330e+02
   5.3067288e+03   6.9486199e+02
   5.3112480e+03   6.9485968e+02
   5.3153485e+03   6.9485945e+02
   5.3180441e+03   6.9485632e+02
   5.3215497e+03   6.9485459e+02
   5.3227951e+03   6.9485396e+02
   5.3255691e+03   6.9485260e+02
   5.3298853e+03   6.9485047e+02
   5.3326765e+03   6.9484910e+02
   5.3370237e+03   6.9484700e+02
   5.3405802e+03   6.9484523e+02
   5.3436238e+03   6.9484374e+02
   5.3497887e+03   6.9484073e+02
   5.3564235e+03   6.9483751e+02
   5.3592266e+03   6.9483616e+02
   5.3626373e+03   6.9483492e+02
   5.3656972e+03   6.9483305e+02
   5.3681059e+03   6.9483187e+02
   5.3714734e+03   6.9483025e+02
   5.3770655e+03   6.9482781e+02
   5.3782492e+03   6.9482747e+02
   5.3804087e+03   6.9482637e+02
   5.3818494e+03   6.9482527e+02
   5.3843618e+03   6.9482407e+02
   5.3877323e+03   6.9482246e+02
   5.3879835e+03   6.9482234e+02
   5.3916353e+03   6.9482067e+02
   5.3929965e+03   6.9481995e+02
   5.3964340e+03   6.9481832e+02
   5.3992031e+03   6.9481700e+02
   5.4021280e+03   6.9481563e+02
   5.4047666e+03   6.9481439e+02
   5.4079936e+03   6.9481285e+02
   5.4083843e+03   6.9481276e+02
   5.4117283e+03   6.9481175e+02
   5.4142589e+03   6.9481029e+02
   5.4186891e+03   6.9480781e+02
   5.4237065e+03   6.9480546e+02
   5.4252869e+03   6.9480472e+02
   5.4290205e+03   6.9480298e+02
   5.4311296e+03   6.9480242e+02
   5.4361816e+03   6.9480094e+02
   5.4362313e+03   6.9480092e+02
   5.4405237e+03   6.9479990e+02
   5.4427119e+03   6.9479945e+02
   5.4484950e+03   6.9479808e+02
   5.4508257e+03   6.9479693e+02
   5.4539316e+03   6.9479568e+02
   5.4585579e+03   6.9479483e+02
   5.4596239e+03   6.9479434e+02
   5.4631460e+03   6.9479318e+02
   5.4648729e+03   6.9479241e+02
   5.4686083e+03   6.9479235e+02
   5.4693051e+03   6.9479118e+02
   5.4728231e+03   6.9479111e+02
   5.4756746e+03   6.9478982e+02
   5.4794888e+03   6.9478834e+02
   5.4848002e+03   6.9478725e+02
   5.4894672e+03   6.9478516e+02
   5.4932646e+03   6.9478493e+02
   5.4940395e+03   6.9478454e+02
   5.4975529e+03   6.9478294e+02
   5.4996628e+03   6.9478261e+02
   5.5009363e+03   6.9478224e+02
   5.5041743e+03   6.9478168e+02
   5.5076285e+03   6.9478004e+02
   5.5082588e+03   6.9477975e+02
   5.5115547e+03   6.9477949e+02
   5.5143773e+03   6.9477792e+02
   5.5183834e+03   6.9477718e+02
   5.5212289e+03   6.9477689e+02
   5.5249754e+03   6.9477517e+02
   5.5259447e+03   6.9477477e+02
   5.5293495e+03   6.9477468e+02
   5.5306370e+03   6.9477408e+02
   5.5355506e+03   6.9477194e+02
   5.5372268e+03   6.9477155e+02
   5.5421661e+03   6.9477030e+02
   5.5437169e+03   6.9476974e+02
   5.5465466e+03   6.9476924e+02
   5.5515273e+03   6.9476799e+02
   5.5532154e+03   6.9476728e+02
   5.5556570e+03   6.9476626e+02
   5.5634004e+03   6.9476502e+02
   5.5645974e+03   6.9476449e+02
   5.5678849e+03   6.9476333e+02
   5.5684706e+03   6.9476309e+02
   5.5717902e+03   6.9476163e+02
   5.5775571e+03   6.9475995e+02
   5.5793551e+03   6.9475986e+02
   5.5813230e+03   6.9475893e+02
   5.5853990e+03   6.9475840e+02
   5.5883269e+03   6.9475742e+02
   5.5904508e+03   6.9475641e+02
   5.5937786e+03   6.9475562e+02
   5.5942993e+03   6.9475540e+02
   5.5973636e+03   6.9475529e+02
   5.5993202e+03   6.9475523e+02
   5.6043316e+03   6.9475297e+02
   5.6062026e+03   6.9475222e+02
   5.6078088e+03   6.9475207e+02
   5.6141768e+03   6.9474986e+02
   5.6166003e+03   6.9474922e+02
   5.6197204e+03   6.9474836e+02
   5.6237165e+03   6.9474747e+02
   5.6263911e+03   6.9474653e+02
   5.6280969e+03   6.9474584e+02
   5.6312478e+03   6.9474538e+02
   5.6361617e+03   6.9474515e+02
   5.6371864e+03   6.9474354e+02
   5.6404425e+03   6.9474332e+02
   5.6422717e+03   6.9474255e+02
   5.6466017e+03   6.9474093e+02
   5.6495500e+03   6.9474077e+02
   5.6524913e+03   6.9473953e+02
   5.6548118e+03   6.9473865e+02
   5.6577833e+03   6.9473825e+02
   5.6622488e+03   6.9473700e+02
   5.6672568e+03   6.9473586e+02
   5.6681514e+03   6.9473560e+02
   5.6716083e+03   6.9473421e+02
   5.6730740e+03   6.9473410e+02
   5.6771165e+03   6.9473360e+02
   5.6802676e+03   6.9473228e+02
   5.6831829e+03   6.9473103e+02
   5.6873462e+03   6.9472973e+02
   5.6904210e+03   6.9472965e+02
   5.6909425e+03   6.9472935e+02
   5.6946815e+03   6.9472892e+02
   5.6984225e+03   6.9472799e+02
   5.7001810e+03   6.9472652e+02
   5.7063194e+03   6.9472487e+02
   5.7086608e+03   6.9472417e+02
   5.7120583e+03   6.9472348e+02
   5.7155601e+03   6.9472284e+02
   5.7175186e+03   6.9472207e+02
   5.7223802e+03   6.9472047e+02
   5.7256508e+03   6.9471974e+02
   5.7285623e+03   6.9471876e+02
   5.7326754e+03   6.9471836e+02
   5.7331514e+03   6.9471795e+02
   5.7364155e+03   6.9471752e+02
   5.7381710e+03   6.9471622e+02
   5.7420589e+03   6.9471533e+02
   5.7420590e+03   6.9471533e+02
   5.7459769e+03   6.9471509e+02
   5.7486723e+03   6.9471391e+02
   5.7533753e+03   6.9471226e+02
   5.7537203e+03   6.9471219e+02
   5.7572445e+03   6.9471120e+02
   5.7582668e+03   6.9471105e+02
   5.7634932e+03   6.9471003e+02
   5.7656016e+03   6.9470978e+02
   5.7675365e+03   6.9470889e+02
   5.7707268e+03   6.9470766e+02
   5.7744555e+03   6.9470672e+02
   5.7750693e+03   6.9470668e+02
