   2.7500024e+00   1.5761130e-02
   2.7504841e+00   1.5739839e-02
   2.7514941e+00   1.5718263e-02
   2.7533432e+00   1.5694333e-02
   2.7538076e+00   1.5690656e-02
   2.7554205e+00   1.5673115e-02
   2.7560891e+00   1.5661105e-02
   2.7567103e+00   1.5640906e-02
   2.7575260e+00   1.5628758e-02
   2.7589894e+00   1.5603146e-02
   2.7599486e+00   1.5587929e-02
   2.7609848e+00   1.5563645e-02
   2.7616477e+00   1.5533692e-02
   2.7639605e+00   1.5527799e-02
   2.7652796e+00   1.5507949e-02
   2.7652796e+00   1.5507949e-02
   2.7657542e+00   1.5463841e-02
   2.7666235e+00   1.5450446e-02
   2.7681122e+00   1.5412743e-02
   2.7687757e+00   1.5408104e-02
   2.7695158e+00   1.5389859e-02
   2.7695158e+00   1.5389859e-02
   2.7711986e+00   1.5370987e-02
   2.7712123e+00   1.5370801e-02
   2.7722749e+00   1.5354576e-02
   2.7725087e+00   1.5335068e-02
   2.7740187e+00   1.5328005e-02
   2.7740769e+00   1.5306318e-02
   2.7762531e+00   1.5284799e-02
   2.7763601e+00   1.5284075e-02
   2.7764697e+00   1.5267796e-02
   2.7774146e+00   1.5257145e-02
   2.7784524e+00   1.5234254e-02
   2.7788865e+00   1.5229619e-02
   2.7795403e+00   1.5218333e-02
   2.7809987e+00   1.5206335e-02
   2.7813915e+00   1.5193689e-02
   2.7819541e+00   1.5183175e-02
   2.7826604e+00   1.5165564e-02
   2.7837745e+00   1.5164437e-02
   2.7844390e+00   1.5138684e-02
   2.7859204e+00   1.5124539e-02
   2.7860167e+00   1.5107708e-02
   2.7880487e+00   1.5099936e-02
   2.7885446e+00   1.5057415e-02
   2.7899200e+00   1.5034968e-02
   2.7900333e+00   1.5032529e-02
   2.7915221e+00   1.5012901e-02
   2.7916853e+00   1.5011786e-02
   2.7926992e+00   1.4996832e-02
   2.7929071e+00   1.4986219e-02
   2.7947584e+00   1.4972190e-02
   2.7957870e+00   1.4948143e-02
   2.7971053e+00   1.4922746e-02
   2.7976410e+00   1.4916134e-02
   2.7989807e+00   1.4884794e-02
   2.8013520e+00   1.4867391e-02
   2.8020937e+00   1.4844781e-02
   2.8020937e+00   1.4844781e-02
   2.8039901e+00   1.4828165e-02
   2.8039901e+00   1.4828165e-02
   2.8045040e+00   1.4812754e-02
   2.8048018e+00   1.4781386e-02
   2.8060063e+00   1.4773873e-02
   2.8071673e+00   1.4756494e-02
   2.8082331e+00   1.4740965e-02
   2.8095312e+00   1.4712073e-02
   2.8105375e+00   1.4712073e-02
   2.8112107e+00   1.4693043e-02
   2.8132619e+00   1.4666100e-02
   2.8148828e+00   1.4646729e-02
   2.8153484e+00   1.4640003e-02
   2.8154437e+00   1.4614026e-02
   2.8166655e+00   1.4601611e-02
   2.8171992e+00   1.4576214e-02
   2.8194167e+00   1.4552928e-02
   2.8200886e+00   1.4534657e-02
   2.8209373e+00   1.4530855e-02
   2.8229981e+00   1.4495811e-02
   2.8238186e+00   1.4481102e-02
   2.8248939e+00   1.4469846e-02
   2.8263368e+00   1.4447452e-02
   2.8282511e+00   1.4431704e-02
   2.8282562e+00   1.4431113e-02
   2.8287360e+00   1.4405492e-02
   2.8304545e+00   1.4401075e-02
   2.8306777e+00   1.4384097e-02
   2.8324788e+00   1.4364581e-02
   2.8343445e+00   1.4349966e-02
   2.8352102e+00   1.4315986e-02
   2.8367086e+00   1.4301775e-02
   2.8375548e+00   1.4256804e-02
   2.8386469e+00   1.4242293e-02
   2.8399517e+00   1.4224006e-02
   2.8420189e+00   1.4212369e-02
   2.8420851e+00   1.4194971e-02
   2.8430659e+00   1.4181651e-02
   2.8442520e+00   1.4161700e-02
   2.8443719e+00   1.4160402e-02
   2.8457262e+00   1.4142174e-02
   2.8467295e+00   1.4111273e-02
   2.8488367e+00   1.4088841e-02
   2.8493897e+00   1.4069339e-02
   2.8506538e+00   1.4054401e-02
   2.8524993e+00   1.4043714e-02
   2.8525961e+00   1.4024903e-02
   2.8537538e+00   1.4016428e-02
   2.8542731e+00   1.4000138e-02
   2.8548085e+00   1.3993051e-02
   2.8563720e+00   1.3974203e-02
   2.8572820e+00   1.3957402e-02
   2.8583702e+00   1.3942991e-02
   2.8592610e+00   1.3928444e-02
   2.8609729e+00   1.3908400e-02
   2.8609729e+00   1.3908400e-02
   2.8624884e+00   1.3886580e-02
   2.8638574e+00   1.3877581e-02
   2.8650857e+00   1.3854671e-02
   2.8659996e+00   1.3852738e-02
   2.8667128e+00   1.3830425e-02
   2.8682205e+00   1.3821348e-02
   2.8684042e+00   1.3811286e-02
   2.8700991e+00   1.3792032e-02
   2.8705057e+00   1.3779036e-02
   2.8709883e+00   1.3774302e-02
   2.8720802e+00   1.3760106e-02
   2.8738985e+00   1.3740920e-02
   2.8738985e+00   1.3740920e-02
   2.8744749e+00   1.3716233e-02
   2.8747867e+00   1.3699920e-02
   2.8752399e+00   1.3693709e-02
   2.8768858e+00   1.3676773e-02
   2.8794863e+00   1.3660602e-02
   2.8802325e+00   1.3629899e-02
   2.8802325e+00   1.3629899e-02
   2.8817904e+00   1.3609679e-02
   2.8826110e+00   1.3603406e-02
   2.8838439e+00   1.3586301e-02
   2.8840074e+00   1.3585554e-02
   2.8853121e+00   1.3568965e-02
   2.8860023e+00   1.3550409e-02
   2.8878852e+00   1.3536383e-02
   2.8903538e+00   1.3477139e-02
   2.8915175e+00   1.3465688e-02
   2.8920342e+00   1.3454345e-02
   2.8932505e+00   1.3440723e-02
   2.8943573e+00   1.3421602e-02
   2.8964975e+00   1.3408695e-02
   2.8968817e+00   1.3390924e-02
   2.8976006e+00   1.3387172e-02
   2.8994632e+00   1.3372231e-02
   2.8999258e+00   1.3367815e-02
   2.9003996e+00   1.3342930e-02
   2.9023848e+00   1.3292599e-02
   2.9037964e+00   1.3266516e-02
   2.9048458e+00   1.3260539e-02
   2.9071508e+00   1.3247844e-02
   2.9086731e+00   1.3214324e-02
   2.9086731e+00   1.3214324e-02
   2.9101209e+00   1.3196344e-02
   2.9109409e+00   1.3185979e-02
   2.9125724e+00   1.3165903e-02
   2.9156047e+00   1.3161721e-02
   2.9179236e+00   1.3137961e-02
   2.9195564e+00   1.3119666e-02
   2.9199170e+00   1.3103470e-02
   2.9204424e+00   1.3102405e-02
   2.9208448e+00   1.3072825e-02
   2.9214982e+00   1.3066116e-02
   2.9227678e+00   1.3040050e-02
   2.9238150e+00   1.3031068e-02
   2.9254602e+00   1.3007835e-02
   2.9262794e+00   1.2979450e-02
   2.9268891e+00   1.2970033e-02
   2.9287496e+00   1.2948994e-02
   2.9314151e+00   1.2937012e-02
   2.9333242e+00   1.2905319e-02
   2.9337604e+00   1.2887323e-02
   2.9347383e+00   1.2875810e-02
   2.9355341e+00   1.2838827e-02
   2.9380302e+00   1.2838827e-02
   2.9394938e+00   1.2815563e-02
   2.9410980e+00   1.2815563e-02
   2.9418166e+00   1.2798148e-02
   2.9432772e+00   1.2774848e-02
   2.9447363e+00   1.2759451e-02
   2.9456647e+00   1.2732346e-02
   2.9470184e+00   1.2718518e-02
   2.9471997e+00   1.2716424e-02
   2.9494377e+00   1.2702929e-02
   2.9496405e+00   1.2689660e-02
   2.9523469e+00   1.2668836e-02
   2.9524393e+00   1.2668836e-02
   2.9525820e+00   1.2633688e-02
   2.9554782e+00   1.2620354e-02
   2.9561867e+00   1.2611655e-02
   2.9568007e+00   1.2601434e-02
   2.9577304e+00   1.2590884e-02
   2.9584598e+00   1.2564212e-02
   2.9607832e+00   1.2548067e-02
   2.9641723e+00   1.2532487e-02
   2.9645743e+00   1.2513876e-02
   2.9648446e+00   1.2501419e-02
   2.9669835e+00   1.2478779e-02
   2.9675979e+00   1.2469574e-02
   2.9706853e+00   1.2450600e-02
   2.9715492e+00   1.2441798e-02
   2.9716908e+00   1.2361992e-02
   2.9736285e+00   1.2351525e-02
   2.9751967e+00   1.2334217e-02
   2.9770018e+00   1.2302191e-02
   2.9777497e+00   1.2293332e-02
   2.9830273e+00   1.2271673e-02
   2.9846609e+00   1.2256296e-02
   2.9851506e+00   1.2253195e-02
   2.9853128e+00   1.2202949e-02
   2.9862889e+00   1.2197903e-02
   2.9881276e+00   1.2179909e-02
   2.9881485e+00   1.2179909e-02
   2.9891791e+00   1.2157462e-02
   2.9914600e+00   1.2146110e-02
   2.9933770e+00   1.2125504e-02
   2.9944538e+00   1.2113908e-02
   2.9958768e+00   1.2095816e-02
   2.9958768e+00   1.2095816e-02
   2.9971462e+00   1.2077531e-02
   2.9979474e+00   1.2041380e-02
   3.0029173e+00   1.2016694e-02
   3.0039208e+00   1.2010206e-02
   3.0047170e+00   1.1997758e-02
   3.0064702e+00   1.1985798e-02
   3.0072742e+00   1.1970117e-02
   3.0092127e+00   1.1962206e-02
   3.0099102e+00   1.1947000e-02
   3.0109580e+00   1.1938290e-02
   3.0124349e+00   1.1924549e-02
   3.0137837e+00   1.1906392e-02
   3.0153440e+00   1.1892735e-02
   3.0170129e+00   1.1876558e-02
   3.0193499e+00   1.1765803e-02
   3.0207214e+00   1.1749500e-02
   3.0221592e+00   1.1734594e-02
   3.0229284e+00   1.1726713e-02
   3.0247007e+00   1.1708783e-02
   3.0247613e+00   1.1708195e-02
   3.0262644e+00   1.1689332e-02
   3.0290605e+00   1.1662874e-02
   3.0290605e+00   1.1662874e-02
   3.0314802e+00   1.1639247e-02
   3.0319163e+00   1.1626057e-02
   3.0339827e+00   1.1611928e-02
   3.0353984e+00   1.1591020e-02
   3.0369210e+00   1.1576202e-02
   3.0372524e+00   1.1572306e-02
   3.0381845e+00   1.1555968e-02
   3.0385433e+00   1.1544708e-02
   3.0403721e+00   1.1526585e-02
   3.0410828e+00   1.1517815e-02
   3.0423134e+00   1.1500603e-02
   3.0440758e+00   1.1478507e-02
   3.0461808e+00   1.1460393e-02
   3.0478800e+00   1.1443827e-02
   3.0492877e+00   1.1423775e-02
   3.0508321e+00   1.1410988e-02
   3.0518645e+00   1.1400776e-02
   3.0522008e+00   1.1391228e-02
   3.0540297e+00   1.1372146e-02
   3.0549606e+00   1.1368713e-02
   3.0563820e+00   1.1352943e-02
   3.0574721e+00   1.1338669e-02
   3.0602164e+00   1.1324433e-02
   3.0602846e+00   1.1309003e-02
   3.0621463e+00   1.1279034e-02
   3.0621463e+00   1.1279034e-02
   3.0646832e+00   1.1254559e-02
   3.0649453e+00   1.1245990e-02
   3.0671442e+00   1.1225238e-02
   3.0695469e+00   1.1202208e-02
   3.0723380e+00   1.1188540e-02
   3.0725077e+00   1.1166948e-02
   3.0749939e+00   1.1156080e-02
   3.0756777e+00   1.1136825e-02
   3.0756777e+00   1.1136825e-02
   3.0777725e+00   1.1111357e-02
   3.0786830e+00   1.1107962e-02
   3.0800290e+00   1.1090091e-02
   3.0804601e+00   1.1082861e-02
   3.0832415e+00   1.1059292e-02
   3.0839433e+00   1.1045143e-02
   3.0853070e+00   1.1034202e-02
   3.0872420e+00   1.1027977e-02
   3.0877883e+00   1.1010086e-02
   3.0884217e+00   1.1005136e-02
   3.0894395e+00   1.0979170e-02
   3.0912430e+00   1.0971408e-02
   3.0914190e+00   1.0959793e-02
   3.0931095e+00   1.0943368e-02
   3.0940350e+00   1.0935427e-02
   3.0958569e+00   1.0918632e-02
   3.0971297e+00   1.0907077e-02
   3.0995799e+00   1.0879536e-02
   3.1001094e+00   1.0876581e-02
   3.1014695e+00   1.0862148e-02
   3.1033314e+00   1.0843529e-02
   3.1033314e+00   1.0843529e-02
   3.1049011e+00   1.0826015e-02
   3.1059338e+00   1.0810154e-02
   3.1083305e+00   1.0788298e-02
   3.1103414e+00   1.0771774e-02
   3.1113899e+00   1.0759739e-02
   3.1145906e+00   1.0733639e-02
   3.1154931e+00   1.0724138e-02
   3.1171300e+00   1.0693156e-02
   3.1194125e+00   1.0678297e-02
   3.1203449e+00   1.0667089e-02
   3.1226612e+00   1.0657086e-02
   3.1240798e+00   1.0634016e-02
   3.1277234e+00   1.0631274e-02
   3.1278904e+00   1.0610026e-02
   3.1279001e+00   1.0610026e-02
   3.1289036e+00   1.0591616e-02
   3.1303473e+00   1.0583048e-02
   3.1305347e+00   1.0556311e-02
   3.1321557e+00   1.0541735e-02
   3.1336269e+00   1.0529283e-02
   3.1339345e+00   1.0525989e-02
   3.1362257e+00   1.0505479e-02
   3.1369003e+00   1.0500066e-02
   3.1371315e+00   1.0489519e-02
   3.1413053e+00   1.0461459e-02
   3.1415733e+00   1.0461459e-02
   3.1433536e+00   1.0442748e-02
   3.1451989e+00   1.0427230e-02
   3.1457642e+00   1.0423507e-02
   3.1476086e+00   1.0407645e-02
   3.1485383e+00   1.0402570e-02
   3.1496757e+00   1.0383006e-02
   3.1505273e+00   1.0364570e-02
   3.1519463e+00   1.0352490e-02
   3.1544193e+00   1.0348070e-02
   3.1545500e+00   1.0332006e-02
   3.1557764e+00   1.0309459e-02
   3.1557764e+00   1.0309459e-02
   3.1575717e+00   1.0290441e-02
   3.1595298e+00   1.0275653e-02
   3.1610462e+00   1.0259980e-02
   3.1627576e+00   1.0247525e-02
   3.1638158e+00   1.0231817e-02
   3.1651433e+00   1.0220687e-02
   3.1663972e+00   1.0209605e-02
   3.1671798e+00   1.0199476e-02
   3.1690736e+00   1.0188057e-02
   3.1702992e+00   1.0173024e-02
   3.1716139e+00   1.0167363e-02
   3.1728234e+00   1.0156711e-02
   3.1732618e+00   1.0149942e-02
   3.1757774e+00   1.0129390e-02
   3.1768065e+00   1.0126776e-02
   3.1776492e+00   1.0098736e-02
   3.1798617e+00   1.0080670e-02
   3.1809032e+00   1.0071125e-02
   3.1837364e+00   1.0049912e-02
   3.1869458e+00   1.0019182e-02
   3.1872922e+00   1.0009298e-02
   3.1886047e+00   9.9994994e-03
   3.1908549e+00   9.9804153e-03
   3.1929016e+00   9.9652529e-03
   3.1954490e+00   9.9413830e-03
   3.1968495e+00   9.9257170e-03
   3.1995397e+00   9.9111146e-03
   3.2000014e+00   9.9071013e-03
   3.2002255e+00   9.8905262e-03
   3.2032751e+00   9.8661900e-03
   3.2060799e+00   9.8427615e-03
   3.2079607e+00   9.8297191e-03
   3.2113959e+00   9.8021376e-03
   3.2122605e+00   9.7968740e-03
   3.2124928e+00   9.7795598e-03
   3.2140903e+00   9.7675392e-03
   3.2168656e+00   9.7451060e-03
   3.2169321e+00   9.7446655e-03
   3.2208383e+00   9.7122136e-03
   3.2252679e+00   9.6893924e-03
   3.2254010e+00   9.6710702e-03
   3.2261027e+00   9.6652650e-03
   3.2279804e+00   9.6475026e-03
   3.2310512e+00   9.6337171e-03
   3.2336144e+00   9.6053531e-03
   3.2336503e+00   9.6052006e-03
   3.2379059e+00   9.5868130e-03
   3.2380218e+00   9.5785285e-03
   3.2383364e+00   9.5625197e-03
   3.2402038e+00   9.5490558e-03
   3.2414326e+00   9.5346072e-03
   3.2428385e+00   9.5219080e-03
   3.2449332e+00   9.5057978e-03
   3.2466259e+00   9.4927058e-03
   3.2491885e+00   9.4674423e-03
   3.2530923e+00   9.4451571e-03
   3.2546058e+00   9.4167646e-03
   3.2550696e+00   9.4133137e-03
   3.2587282e+00   9.3876650e-03
   3.2609688e+00   9.3746095e-03
   3.2613660e+00   9.3576148e-03
   3.2702598e+00   9.3284055e-03
   3.2754403e+00   9.3193339e-03
   3.2762088e+00   9.3066273e-03
   3.2847672e+00   9.2960693e-03
   3.2847879e+00   9.2775752e-03
   3.2883261e+00   9.2653625e-03
   3.2908600e+00   9.2570010e-03
   3.2967228e+00   9.2408858e-03
   3.2996079e+00   9.2273735e-03
   3.3026883e+00   9.2170858e-03
   3.3058686e+00   9.2071085e-03
   3.3096981e+00   9.1936700e-03
   3.3146627e+00   9.1780205e-03
   3.3152413e+00   9.1751433e-03
   3.3195349e+00   9.1610678e-03
   3.3231177e+00   9.1521131e-03
   3.3278992e+00   9.1347904e-03
   3.3284341e+00   9.1318522e-03
   3.3324759e+00   9.1182267e-03
   3.3392144e+00   9.0990978e-03
   3.3427253e+00   9.0875908e-03
   3.3514769e+00   9.0579854e-03
   3.3588144e+00   9.0326452e-03
   3.3598330e+00   9.0293945e-03
   3.3639028e+00   9.0163114e-03
   3.3674766e+00   9.0054183e-03
   3.3706846e+00   8.9966350e-03
   3.3736593e+00   8.9853847e-03
   3.3793514e+00   8.9701123e-03
   3.3840138e+00   8.9548765e-03
   3.3848615e+00   8.9495475e-03
   3.3894821e+00   8.9349781e-03
   3.3927659e+00   8.9247135e-03
   3.3978462e+00   8.9087591e-03
   3.3988010e+00   8.9058230e-03
   3.4061213e+00   8.8828636e-03
   3.4178251e+00   8.8658844e-03
   3.4178383e+00   8.8465694e-03
   3.4193273e+00   8.8420678e-03
   3.4239889e+00   8.8278143e-03
   3.4317915e+00   8.8053658e-03
   3.4358459e+00   8.7912999e-03
   3.4434354e+00   8.7685647e-03
   3.4482313e+00   8.7536870e-03
   3.4524021e+00   8.7411259e-03
   3.4549853e+00   8.7343132e-03
   3.4581526e+00   8.7240299e-03
   3.4642387e+00   8.7057066e-03
   3.4730055e+00   8.6822336e-03
   3.4772374e+00   8.6738276e-03
   3.4843732e+00   8.6469788e-03
   3.4933717e+00   8.6193180e-03
   3.4943366e+00   8.6182270e-03
   3.4987066e+00   8.6038307e-03
   3.5140174e+00   8.5610425e-03
   3.5208556e+00   8.5395174e-03
   3.5253370e+00   8.5273695e-03
   3.5293408e+00   8.5152419e-03
   3.5376378e+00   8.4935483e-03
   3.5417597e+00   8.4797929e-03
   3.5464953e+00   8.4664104e-03
   3.5516033e+00   8.4519669e-03
   3.5561728e+00   8.4391163e-03
   3.5624857e+00   8.4215168e-03
   3.5663248e+00   8.4113266e-03
   3.5680842e+00   8.4058410e-03
   3.5754087e+00   8.3861588e-03
   3.5813922e+00   8.3689922e-03
   3.5854346e+00   8.3587866e-03
   3.5925793e+00   8.3380711e-03
   3.5962747e+00   8.3279305e-03
   3.6063392e+00   8.3004558e-03
   3.6139297e+00   8.2807718e-03
   3.6147174e+00   8.2790234e-03
   3.6239442e+00   8.2552228e-03
   3.6295529e+00   8.2378415e-03
   3.6350196e+00   8.2232659e-03
   3.6371853e+00   8.2176417e-03
   3.6442912e+00   8.1985938e-03
   3.6495465e+00   8.1850504e-03
   3.6543770e+00   8.1719332e-03
   3.6599784e+00   8.1600827e-03
   3.6602079e+00   8.1565894e-03
   3.6682465e+00   8.1359654e-03
   3.6717398e+00   8.1264323e-03
   3.6770585e+00   8.1125996e-03
   3.6820218e+00   8.0997955e-03
   3.6837060e+00   8.0953919e-03
   3.6881468e+00   8.0838859e-03
   3.6930524e+00   8.0735977e-03
   3.7012329e+00   8.0503187e-03
   3.7073537e+00   8.0346676e-03
   3.7115827e+00   8.0241121e-03
   3.7168380e+00   8.0106856e-03
   3.7270172e+00   7.9849107e-03
   3.7411506e+00   7.9495261e-03
   3.7469576e+00   7.9377039e-03
   3.7472346e+00   7.9343985e-03
   3.7558708e+00   7.9129973e-03
   3.7612817e+00   7.8996750e-03
   3.7699770e+00   7.8782996e-03
   3.7741512e+00   7.8687000e-03
   3.7812639e+00   7.8509551e-03
   3.7850567e+00   7.8415944e-03
   3.7911266e+00   7.8268695e-03
   3.7961327e+00   7.8152579e-03
   3.8009486e+00   7.8033984e-03
   3.8091193e+00   7.7836772e-03
   3.8166061e+00   7.7658759e-03
   3.8225789e+00   7.7516619e-03
   3.8290131e+00   7.7363359e-03
   3.8347636e+00   7.7237265e-03
   3.8367096e+00   7.7181783e-03
   3.8406997e+00   7.7088512e-03
   3.8438724e+00   7.7014763e-03
   3.8486589e+00   7.6909860e-03
   3.8538662e+00   7.6781656e-03
   3.8577612e+00   7.6690446e-03
   3.8636184e+00   7.6554675e-03
   3.8687411e+00   7.6437229e-03
   3.8707048e+00   7.6391320e-03
   3.8809746e+00   7.6155489e-03
   3.8838676e+00   7.6136002e-03
   3.8887646e+00   7.5979161e-03
   3.8962135e+00   7.5808173e-03
   3.9062159e+00   7.5599272e-03
   3.9165344e+00   7.5350555e-03
   3.9183157e+00   7.5312510e-03
   3.9244266e+00   7.5174005e-03
   3.9320954e+00   7.5011896e-03
   3.9347330e+00   7.4945830e-03
   3.9397768e+00   7.4833666e-03
   3.9412744e+00   7.4802304e-03
   3.9469355e+00   7.4684452e-03
   3.9519486e+00   7.4566596e-03
   3.9615474e+00   7.4364212e-03
   3.9651900e+00   7.4293017e-03
   3.9762501e+00   7.4036943e-03
   3.9802060e+00   7.3966946e-03
   3.9829062e+00   7.3893623e-03
   3.9882207e+00   7.3781048e-03
   3.9925146e+00   7.3686115e-03
   3.9968722e+00   7.3596856e-03
   4.0037742e+00   7.3451438e-03
   4.0108478e+00   7.3296610e-03
   4.0164220e+00   7.3177283e-03
   4.0262325e+00   7.2972127e-03
   4.0316781e+00   7.2856633e-03
   4.0378847e+00   7.2727183e-03
   4.0471544e+00   7.2533943e-03
   4.0508192e+00   7.2458015e-03
   4.0574231e+00   7.2323113e-03
   4.0645039e+00   7.2190262e-03
   4.0749526e+00   7.1961388e-03
   4.0890649e+00   7.1678155e-03
   4.0958704e+00   7.1537174e-03
   4.1039729e+00   7.1373889e-03
   4.1048565e+00   7.1356134e-03
   4.1111535e+00   7.1229438e-03
   4.1285453e+00   7.0884537e-03
   4.1329721e+00   7.0795368e-03
   4.1364808e+00   7.0726101e-03
   4.1417274e+00   7.0622658e-03
   4.1508640e+00   7.0443162e-03
   4.1565850e+00   7.0333046e-03
   4.1620878e+00   7.0224306e-03
   4.1683560e+00   7.0103849e-03
   4.1751348e+00   6.9972901e-03
   4.1757878e+00   6.9958884e-03
   4.1847477e+00   6.9794456e-03
   4.1861856e+00   6.9758272e-03
   4.1946626e+00   6.9606203e-03
   4.1963207e+00   6.9564351e-03
   4.2030180e+00   6.9436604e-03
   4.2163194e+00   6.9198177e-03
   4.2251436e+00   6.9018552e-03
   4.2318040e+00   6.8898054e-03
   4.2463939e+00   6.8622032e-03
   4.2472591e+00   6.8606249e-03
   4.2619468e+00   6.8354102e-03
   4.2708815e+00   6.8172520e-03
   4.2728515e+00   6.8137988e-03
   4.2788661e+00   6.8023811e-03
   4.2807713e+00   6.7997058e-03
   4.3013043e+00   6.7866824e-03
   4.3023356e+00   6.7597514e-03
   4.3084722e+00   6.7487270e-03
   4.3166097e+00   6.7341397e-03
   4.3240307e+00   6.7212465e-03
   4.3281255e+00   6.7135708e-03
   4.3377073e+00   6.6965753e-03
   4.3402682e+00   6.6921743e-03
   4.3479173e+00   6.6785549e-03
   4.3616346e+00   6.6545025e-03
   4.3648768e+00   6.6488628e-03
   4.3757849e+00   6.6298769e-03
   4.3817205e+00   6.6201902e-03
   4.3874781e+00   6.6097289e-03
   4.3997640e+00   6.5886009e-03
   4.4090161e+00   6.5743487e-03
   4.4129280e+00   6.5661194e-03
   4.4207997e+00   6.5527654e-03
   4.4262501e+00   6.5435400e-03
   4.4308020e+00   6.5358428e-03
   4.4356877e+00   6.5276272e-03
   4.4462490e+00   6.5099722e-03
   4.4520862e+00   6.5001576e-03
   4.4598598e+00   6.4873963e-03
   4.4675927e+00   6.4744558e-03
   4.4745782e+00   6.4628839e-03
   4.4803162e+00   6.4534270e-03
   4.4865975e+00   6.4435381e-03
   4.4949674e+00   6.4311282e-03
   4.5025327e+00   6.4218642e-03
   4.5210172e+00   6.3874435e-03
   4.5287154e+00   6.3748876e-03
   4.5474132e+00   6.3450381e-03
   4.5591488e+00   6.3264610e-03
   4.5678949e+00   6.3127202e-03
   4.5777740e+00   6.2971859e-03
   4.5885965e+00   6.2804650e-03
   4.5974189e+00   6.2666047e-03
   4.5984015e+00   6.2650726e-03
   4.6066377e+00   6.2524008e-03
   4.6145535e+00   6.2411899e-03
   4.6218508e+00   6.2294000e-03
   4.6295998e+00   6.2282750e-03
   4.6378617e+00   6.2045468e-03
   4.6454617e+00   6.1930527e-03
   4.6558397e+00   6.1774264e-03
   4.6644565e+00   6.1645282e-03
   4.6712738e+00   6.1542305e-03
   4.6788196e+00   6.1429818e-03
   4.6867668e+00   6.1311553e-03
   4.6966647e+00   6.1165790e-03
   4.7006738e+00   6.1109452e-03
   4.7093571e+00   6.1006407e-03
   4.7174192e+00   6.0860228e-03
   4.7309057e+00   6.0667969e-03
   4.7331459e+00   6.0631829e-03
   4.7506863e+00   6.0393275e-03
   4.7620067e+00   6.0218566e-03
   4.7749341e+00   6.0040999e-03
   4.7835086e+00   5.9909694e-03
   4.7951343e+00   5.9745547e-03
   4.8081960e+00   5.9564381e-03
   4.8139008e+00   5.9484223e-03
   4.8176756e+00   5.9429690e-03
   4.8265263e+00   5.9306702e-03
   4.8414252e+00   5.9103415e-03
   4.8511829e+00   5.8966523e-03
   4.8655469e+00   5.8769974e-03
   4.8658709e+00   5.8769974e-03
   4.8764412e+00   5.8621993e-03
   4.8845038e+00   5.8556392e-03
   4.8889383e+00   5.8453157e-03
   4.8949985e+00   5.8372101e-03
   4.9090964e+00   5.8190536e-03
   4.9235122e+00   5.7990838e-03
   4.9336207e+00   5.7857289e-03
   4.9492283e+00   5.7694482e-03
   4.9589613e+00   5.7524218e-03
   4.9722282e+00   5.7351447e-03
   4.9817091e+00   5.7228630e-03
   4.9874273e+00   5.7155354e-03
   5.0009721e+00   5.7008914e-03
   5.0109671e+00   5.6925739e-03
   5.0203156e+00   5.6734194e-03
   5.0367427e+00   5.6538489e-03
   5.0461853e+00   5.6407597e-03
   5.0491480e+00   5.6370287e-03
   5.0659541e+00   5.6160399e-03
   5.0748652e+00   5.6049869e-03
   5.0834056e+00   5.5944169e-03
   5.0938237e+00   5.5816559e-03
   5.1049283e+00   5.5680672e-03
   5.1131920e+00   5.5588697e-03
   5.1246758e+00   5.5439715e-03
   5.1397830e+00   5.5257852e-03
   5.1475750e+00   5.5162873e-03
   5.1614682e+00   5.5007088e-03
   5.1683676e+00   5.4914293e-03
   5.1749288e+00   5.4837395e-03
   5.1844863e+00   5.4723277e-03
   5.1942627e+00   5.4608462e-03
   5.1982235e+00   5.4561457e-03
   5.2067142e+00   5.4461985e-03
   5.2153378e+00   5.4361102e-03
   5.2308541e+00   5.4181287e-03
   5.2449173e+00   5.4018365e-03
   5.2559729e+00   5.3891389e-03
   5.2661385e+00   5.3775210e-03
   5.2782301e+00   5.3637674e-03
   5.2863842e+00   5.3545692e-03
   5.3014195e+00   5.3375707e-03
   5.3017668e+00   5.3371917e-03
   5.3167255e+00   5.3204273e-03
   5.3334074e+00   5.3018585e-03
   5.3467665e+00   5.2894541e-03
   5.3583368e+00   5.2743469e-03
   5.3715860e+00   5.2621757e-03
   5.3832991e+00   5.2508789e-03
   5.3988152e+00   5.2303950e-03
   5.4082576e+00   5.2201285e-03
   5.4279621e+00   5.1990313e-03
   5.4433676e+00   5.1826637e-03
   5.4548705e+00   5.1706274e-03
   5.4704959e+00   5.1540767e-03
   5.4767562e+00   5.1475618e-03
   5.4928745e+00   5.1307752e-03
   5.4950135e+00   5.1285242e-03
   5.5207150e+00   5.1212415e-03
   5.5223639e+00   5.1002882e-03
   5.5458140e+00   5.0763692e-03
   5.5846435e+00   5.0374513e-03
   5.5918533e+00   5.0302157e-03
   5.6105619e+00   5.0115440e-03
   5.6111585e+00   5.0107664e-03
   5.6338864e+00   4.9884620e-03
   5.6544308e+00   4.9735879e-03
   5.6621797e+00   4.9607544e-03
   5.6680706e+00   4.9556966e-03
   5.6815353e+00   4.9419900e-03
   5.6926302e+00   4.9313228e-03
   5.7087868e+00   4.9158746e-03
   5.7327185e+00   4.8931813e-03
   5.7451364e+00   4.8814459e-03
   5.7539161e+00   4.8732167e-03
   5.7694828e+00   4.8586855e-03
   5.7779588e+00   4.8508140e-03
   5.7896798e+00   4.8399483e-03
   5.7986608e+00   4.8316960e-03
   5.8167294e+00   4.8150699e-03
   5.8267772e+00   4.8062799e-03
   5.8335652e+00   4.8021600e-03
   5.8569593e+00   4.7785407e-03
   5.8686424e+00   4.7680488e-03
   5.8853289e+00   4.7538205e-03
   5.8978550e+00   4.7419771e-03
   5.9202048e+00   4.7222442e-03
   5.9327941e+00   4.7111995e-03
   5.9484725e+00   4.6975211e-03
   5.9639574e+00   4.6841981e-03
   5.9837935e+00   4.6669724e-03
   5.9973279e+00   4.6553958e-03
   6.0112088e+00   4.6435571e-03
   6.0187910e+00   4.6380425e-03
   6.0352526e+00   4.6231468e-03
   6.0465155e+00   4.6136960e-03
   6.0559328e+00   4.6060696e-03
   6.0762427e+00   4.5888673e-03
   6.0902216e+00   4.5787952e-03
   6.0964730e+00   4.5721223e-03
   6.1149217e+00   4.5569327e-03
   6.1247582e+00   4.5489301e-03
   6.1393137e+00   4.5370813e-03
   6.1494170e+00   4.5288860e-03
   6.1596764e+00   4.5205611e-03
   6.1823211e+00   4.5023664e-03
   6.1908361e+00   4.4955788e-03
   6.2084021e+00   4.4816385e-03
   6.2290564e+00   4.4653059e-03
   6.2401196e+00   4.4566193e-03
   6.2482149e+00   4.4503656e-03
   6.2629771e+00   4.4387765e-03
   6.2807589e+00   4.4250048e-03
   6.2971324e+00   4.4129603e-03
   6.2989756e+00   4.4109752e-03
   6.3126303e+00   4.4005176e-03
   6.3450452e+00   4.3841379e-03
   6.3530870e+00   4.3711886e-03
   6.3533256e+00   4.3696591e-03
   6.3690202e+00   4.3583898e-03
   6.3914083e+00   4.3429461e-03
   6.3924933e+00   4.3423909e-03
   6.4060251e+00   4.3303054e-03
   6.4249220e+00   4.3163674e-03
   6.4287479e+00   4.3135495e-03
   6.4430846e+00   4.3032574e-03
   6.4612094e+00   4.2903251e-03
   6.4767651e+00   4.2786641e-03
   6.4968462e+00   4.2642791e-03
   6.5016718e+00   4.2606742e-03
   6.5245958e+00   4.2443515e-03
   6.5417590e+00   4.2400855e-03
   6.5459122e+00   4.2292503e-03
   6.5772891e+00   4.2072041e-03
   6.5960226e+00   4.1943238e-03
   6.6016748e+00   4.1902654e-03
   6.6271181e+00   4.1728472e-03
   6.6271253e+00   4.1728472e-03
   6.6517596e+00   4.1558369e-03
   6.6693569e+00   4.1443584e-03
   6.6722689e+00   4.1419171e-03
   6.6909538e+00   4.1293334e-03
   6.7164460e+00   4.1142363e-03
   6.7312018e+00   4.1029725e-03
   6.7434376e+00   4.0942852e-03
   6.7489721e+00   4.0906339e-03
   6.7662417e+00   4.0799841e-03
   6.7693343e+00   4.0772311e-03
   6.7917607e+00   4.0625981e-03
   6.8003088e+00   4.0570349e-03
   6.8091604e+00   4.0512771e-03
   6.8223258e+00   4.0427707e-03
   6.8342026e+00   4.0351729e-03
   6.8510197e+00   4.0243459e-03
   6.8698561e+00   4.0126142e-03
   6.8725212e+00   4.0107007e-03
   6.8904564e+00   3.9993444e-03
   6.9050980e+00   3.9900888e-03
   6.9233343e+00   3.9789331e-03
   6.9378400e+00   3.9696534e-03
   6.9640163e+00   3.9534333e-03
   6.9788299e+00   3.9443071e-03
   7.0163122e+00   3.9218121e-03
   7.0334109e+00   3.9110963e-03
   7.0598937e+00   3.8952215e-03
   7.0809964e+00   3.8827339e-03
   7.0822526e+00   3.8819290e-03
   7.1118530e+00   3.8644076e-03
   7.1224881e+00   3.8580709e-03
   7.1335920e+00   3.8515873e-03
   7.1488182e+00   3.8430292e-03
   7.1557892e+00   3.8386159e-03
   7.1771625e+00   3.8262280e-03
   7.1887976e+00   3.8195139e-03
   7.2114133e+00   3.8069712e-03
   7.2304580e+00   3.7956914e-03
   7.2640343e+00   3.7772542e-03
   7.2826788e+00   3.7667206e-03
   7.3229584e+00   3.7438365e-03
   7.3442991e+00   3.7320576e-03
   7.3511160e+00   3.7283290e-03
   7.3740752e+00   3.7162239e-03
   7.3968411e+00   3.7036000e-03
   7.4185162e+00   3.6918737e-03
   7.4251562e+00   3.6882658e-03
   7.4457263e+00   3.6771476e-03
   7.4647406e+00   3.6670305e-03
   7.4810383e+00   3.6584070e-03
   7.5043827e+00   3.6462311e-03
   7.5193340e+00   3.6407722e-03
   7.5303625e+00   3.6325412e-03
   7.5439488e+00   3.6254868e-03
   7.5742410e+00   3.6098498e-03
   7.5837055e+00   3.6049896e-03
   7.5990973e+00   3.5971427e-03
   7.6283337e+00   3.5840290e-03
   7.6392419e+00   3.5767277e-03
   7.6558820e+00   3.5689439e-03
   7.6736496e+00   3.5600058e-03
   7.6813930e+00   3.5555858e-03
   7.7087662e+00   3.5424081e-03
   7.7275658e+00   3.5326991e-03
   7.7487389e+00   3.5224657e-03
   7.7644867e+00   3.5149625e-03
   7.7831485e+00   3.5055507e-03
   7.7971094e+00   3.4988226e-03
   7.8165537e+00   3.4894248e-03
   7.8320541e+00   3.4842135e-03
   7.8532791e+00   3.4719192e-03
   7.8745455e+00   3.4617830e-03
   7.9125379e+00   3.4439144e-03
   7.9454658e+00   3.4286243e-03
   7.9682545e+00   3.4180778e-03
   7.9969805e+00   3.4051565e-03
   7.9970466e+00   3.4050659e-03
   8.0195890e+00   3.3945421e-03
   8.0435363e+00   3.3840282e-03
   8.0824442e+00   3.3675402e-03
   8.1012911e+00   3.3577982e-03
   8.1271586e+00   3.3463346e-03
   8.1548505e+00   3.3341498e-03
   8.1632592e+00   3.3304851e-03
   8.1844221e+00   3.3212228e-03
   8.2237442e+00   3.3054861e-03
   8.2439590e+00   3.2955188e-03
   8.2760038e+00   3.2818387e-03
   8.2997111e+00   3.2721173e-03
   8.3274059e+00   3.2601412e-03
   8.3477409e+00   3.2532922e-03
   8.3571264e+00   3.2477274e-03
   8.3891385e+00   3.2361841e-03
   8.3922302e+00   3.2331851e-03
   8.4211401e+00   3.2214591e-03
   8.4415021e+00   3.2208588e-03
   8.4623764e+00   3.2045082e-03
   8.4735912e+00   3.1999769e-03
   8.5031457e+00   3.1880854e-03
   8.5328249e+00   3.1762371e-03
   8.5528053e+00   3.1682956e-03
   8.5745815e+00   3.1596933e-03
   8.5931686e+00   3.1523906e-03
   8.6248050e+00   3.1400325e-03
   8.6336492e+00   3.1366021e-03
   8.6559773e+00   3.1279490e-03
   8.6690666e+00   3.1229070e-03
   8.6923041e+00   3.1142958e-03
   8.7152219e+00   3.1052492e-03
   8.7309755e+00   3.0992814e-03
   8.7511694e+00   3.0917787e-03
   8.7775380e+00   3.0817197e-03
   8.7776585e+00   3.0816793e-03
   8.8143107e+00   3.0681595e-03
   8.8412312e+00   3.0580468e-03
   8.8786739e+00   3.0442835e-03
   8.8997723e+00   3.0365934e-03
   8.9421889e+00   3.0212472e-03
   8.9696579e+00   3.0153885e-03
   8.9962614e+00   3.0018988e-03
   9.0178207e+00   2.9942490e-03
   9.0420172e+00   2.9857125e-03
   9.0653963e+00   2.9775750e-03
   9.0752829e+00   2.9740601e-03
   9.1025450e+00   2.9647317e-03
   9.1237837e+00   2.9572288e-03
   9.1466689e+00   2.9493568e-03
   9.1921858e+00   2.9344356e-03
   9.2119561e+00   2.9271919e-03
   9.2187317e+00   2.9250127e-03
   9.2425601e+00   2.9168149e-03
   9.2630038e+00   2.9101646e-03
   9.2883127e+00   2.9015512e-03
   9.2979090e+00   2.8983520e-03
   9.3396948e+00   2.8862071e-03
   9.3680338e+00   2.8821076e-03
   9.3850689e+00   2.8697509e-03
   9.4572710e+00   2.8464748e-03
   9.4769917e+00   2.8402289e-03
   9.4911250e+00   2.8356974e-03
   9.5468212e+00   2.8181378e-03
   9.5708367e+00   2.8106340e-03
   9.5897374e+00   2.8047551e-03
   9.6191156e+00   2.7961695e-03
   9.6696000e+00   2.7855530e-03
   9.6727561e+00   2.7792265e-03
   9.6910750e+00   2.7737228e-03
   9.7199300e+00   2.7649936e-03
   9.7428434e+00   2.7580307e-03
   9.7702073e+00   2.7498392e-03
   9.7704571e+00   2.7497799e-03
   9.8091645e+00   2.7382747e-03
   9.8286468e+00   2.7329954e-03
   9.8484648e+00   2.7274892e-03
   9.8677201e+00   2.7215176e-03
   9.9431127e+00   2.6992113e-03
   9.9673284e+00   2.6922615e-03
   9.9948687e+00   2.6844187e-03
   1.0023432e+01   2.6763171e-03
   1.0062419e+01   2.6655227e-03
   1.0093178e+01   2.6567699e-03
   1.0118545e+01   2.6497967e-03
   1.0145509e+01   2.6423112e-03
   1.0159826e+01   2.6383249e-03
   1.0194331e+01   2.6288815e-03
   1.0194985e+01   2.6287129e-03
   1.0237897e+01   2.6170551e-03
   1.0251509e+01   2.6134963e-03
   1.0283830e+01   2.6049244e-03
   1.0316862e+01   2.5966209e-03
   1.0329949e+01   2.5925854e-03
   1.0356994e+01   2.5862592e-03
   1.0356994e+01   2.5862592e-03
   1.0391746e+01   2.5761311e-03
   1.0430960e+01   2.5680057e-03
   1.0431523e+01   2.5657549e-03
   1.0469238e+01   2.5560061e-03
   1.0491896e+01   2.5503315e-03
   1.0542503e+01   2.5372527e-03
   1.0574932e+01   2.5290876e-03
   1.0583642e+01   2.5268558e-03
   1.0607143e+01   2.5209415e-03
   1.0631459e+01   2.5154422e-03
   1.0663161e+01   2.5069842e-03
   1.0695088e+01   2.4990935e-03
   1.0746391e+01   2.4865116e-03
   1.0748248e+01   2.4861985e-03
   1.0787718e+01   2.4764615e-03
   1.0838637e+01   2.4642025e-03
   1.0858886e+01   2.4593696e-03
   1.0873530e+01   2.4558817e-03
   1.0898226e+01   2.4500124e-03
   1.0919440e+01   2.4466667e-03
   1.0960508e+01   2.4353476e-03
   1.0993237e+01   2.4278316e-03
   1.1024748e+01   2.4204103e-03
   1.1054977e+01   2.4148867e-03
   1.1092633e+01   2.4048218e-03
   1.1103360e+01   2.4023871e-03
   1.1132201e+01   2.3958278e-03
   1.1148481e+01   2.3921516e-03
   1.1186197e+01   2.3836605e-03
   1.1188421e+01   2.3832758e-03
   1.1222105e+01   2.3756469e-03
   1.1237137e+01   2.3723171e-03
   1.1277902e+01   2.3632811e-03
   1.1319576e+01   2.3541378e-03
   1.1328618e+01   2.3521740e-03
   1.1356024e+01   2.3463242e-03
   1.1371666e+01   2.3454639e-03
   1.1400832e+01   2.3365220e-03
   1.1436332e+01   2.3290895e-03
   1.1469114e+01   2.3218880e-03
   1.1483474e+01   2.3189446e-03
   1.1517303e+01   2.3117008e-03
   1.1548059e+01   2.3052143e-03
   1.1578271e+01   2.2988984e-03
   1.1597921e+01   2.2948075e-03
   1.1626337e+01   2.2889208e-03
   1.1645643e+01   2.2849386e-03
   1.1684807e+01   2.2768990e-03
   1.1703608e+01   2.2730605e-03
   1.1725457e+01   2.2686298e-03
   1.1750697e+01   2.2634990e-03
   1.1802787e+01   2.2530197e-03
   1.1862585e+01   2.2411041e-03
   1.1916053e+01   2.2314000e-03
   1.1965731e+01   2.2208500e-03
   1.1996847e+01   2.2148117e-03
   1.2004946e+01   2.2148117e-03
   1.2036161e+01   2.2072566e-03
   1.2057451e+01   2.2031522e-03
   1.2086899e+01   2.1975332e-03
   1.2113140e+01   2.1925393e-03
   1.2133284e+01   2.1887188e-03
   1.2190516e+01   2.1807088e-03
   1.2203339e+01   2.1756285e-03
   1.2221727e+01   2.1721326e-03
   1.2262325e+01   2.1645991e-03
   1.2320142e+01   2.1539732e-03
   1.2337650e+01   2.1508115e-03
   1.2378038e+01   2.1434201e-03
   1.2426840e+01   2.1361170e-03
   1.2453813e+01   2.1297716e-03
   1.2493756e+01   2.1226695e-03
   1.2526305e+01   2.1210016e-03
   1.2547374e+01   2.1131774e-03
   1.2555825e+01   2.1116773e-03
   1.2600817e+01   2.1038974e-03
   1.2637028e+01   2.0975046e-03
   1.2665780e+01   2.0925343e-03
   1.2692816e+01   2.0878464e-03
   1.2737425e+01   2.0802299e-03
   1.2788390e+01   2.0715369e-03
   1.2822570e+01   2.0657703e-03
   1.2857841e+01   2.0598436e-03
   1.2904739e+01   2.0549478e-03
   1.2963519e+01   2.0426899e-03
   1.3025329e+01   2.0322118e-03
   1.3037051e+01   2.0302836e-03
   1.3071293e+01   2.0247211e-03
   1.3105111e+01   2.0192676e-03
   1.3137325e+01   2.0141151e-03
   1.3182904e+01   2.0081093e-03
   1.3198699e+01   2.0043321e-03
   1.3243875e+01   1.9972410e-03
   1.3243875e+01   1.9972410e-03
   1.3285671e+01   1.9906307e-03
   1.3345954e+01   1.9812551e-03
   1.3366473e+01   1.9780967e-03
   1.3400931e+01   1.9727785e-03
   1.3443268e+01   1.9662932e-03
   1.3499647e+01   1.9577344e-03
   1.3557909e+01   1.9489602e-03
   1.3593872e+01   1.9436123e-03
   1.3611947e+01   1.9425996e-03
   1.3650010e+01   1.9352843e-03
   1.3671842e+01   1.9320366e-03
   1.3711202e+01   1.9262574e-03
   1.3761278e+01   1.9189567e-03
   1.3772343e+01   1.9173488e-03
   1.3840495e+01   1.9075505e-03
   1.3885836e+01   1.9010281e-03
   1.3936117e+01   1.8952358e-03
   1.3949535e+01   1.8919873e-03
   1.3976882e+01   1.8881392e-03
   1.4025582e+01   1.8813159e-03
   1.4052801e+01   1.8775156e-03
   1.4087905e+01   1.8726463e-03
   1.4126261e+01   1.8673654e-03
   1.4152613e+01   1.8637389e-03
   1.4174537e+01   1.8608513e-03
   1.4210587e+01   1.8558251e-03
   1.4241375e+01   1.8516514e-03
   1.4257823e+01   1.8494296e-03
   1.4285339e+01   1.8457233e-03
   1.4350619e+01   1.8370118e-03
   1.4374581e+01   1.8339480e-03
   1.4422833e+01   1.8275671e-03
   1.4464813e+01   1.8219137e-03
   1.4478604e+01   1.8201103e-03
   1.4525835e+01   1.8139572e-03
   1.4588355e+01   1.8058777e-03
   1.4629718e+01   1.8005895e-03
   1.4653958e+01   1.7974944e-03
   1.4691290e+01   1.7928353e-03
   1.4752441e+01   1.7856362e-03
   1.4785804e+01   1.7808293e-03
   1.4804621e+01   1.7784730e-03
   1.4836423e+01   1.7745120e-03
   1.4894984e+01   1.7695844e-03
   1.4946737e+01   1.7609349e-03
   1.4977673e+01   1.7571583e-03
   1.5053823e+01   1.7479117e-03
   1.5107731e+01   1.7419302e-03
   1.5131910e+01   1.7385467e-03
   1.5183956e+01   1.7324305e-03
   1.5215065e+01   1.7298358e-03
   1.5226563e+01   1.7273346e-03
   1.5278184e+01   1.7224314e-03
   1.5286884e+01   1.7202631e-03
   1.5331180e+01   1.7152097e-03
   1.5353657e+01   1.7126485e-03
   1.5389108e+01   1.7093382e-03
   1.5432514e+01   1.7059187e-03
   1.5455560e+01   1.7007911e-03
   1.5495053e+01   1.6963276e-03
   1.5529365e+01   1.6924108e-03
   1.5564911e+01   1.6884031e-03
   1.5574623e+01   1.6873101e-03
   1.5626424e+01   1.6825368e-03
   1.5694336e+01   1.6739716e-03
   1.5733265e+01   1.6696794e-03
   1.5747084e+01   1.6681593e-03
   1.5779171e+01   1.6646782e-03
   1.5848084e+01   1.6581341e-03
   1.5851404e+01   1.6568717e-03
   1.5903714e+01   1.6514344e-03
   1.5939586e+01   1.6478427e-03
   1.5952637e+01   1.6458950e-03
   1.5997512e+01   1.6430922e-03
   1.6022742e+01   1.6408540e-03
   1.6063277e+01   1.6342187e-03
   1.6074195e+01   1.6330107e-03
   1.6121441e+01   1.6282074e-03
   1.6157752e+01   1.6243527e-03
   1.6199255e+01   1.6201100e-03
   1.6232121e+01   1.6184776e-03
   1.6262028e+01   1.6134817e-03
   1.6335740e+01   1.6059436e-03
   1.6344219e+01   1.6050816e-03
   1.6389417e+01   1.6006532e-03
   1.6441426e+01   1.5952865e-03
   1.6471239e+01   1.5922763e-03
   1.6497025e+01   1.5896982e-03
   1.6539923e+01   1.5855118e-03
   1.6602120e+01   1.5792889e-03
   1.6611271e+01   1.5784128e-03
   1.6659736e+01   1.5736402e-03
   1.6706307e+01   1.5691031e-03
   1.6733859e+01   1.5664314e-03
   1.6773253e+01   1.5626266e-03
   1.6811877e+01   1.5589135e-03
   1.6839863e+01   1.5562354e-03
   1.6880491e+01   1.5524736e-03
   1.6927530e+01   1.5479050e-03
   1.6953389e+01   1.5454626e-03
   1.6973355e+01   1.5435902e-03
   1.7037249e+01   1.5398532e-03
   1.7057846e+01   1.5356986e-03
   1.7100081e+01   1.5317687e-03
   1.7148260e+01   1.5273168e-03
   1.7157847e+01   1.5264351e-03
   1.7210903e+01   1.5242286e-03
   1.7250875e+01   1.5179836e-03
   1.7291507e+01   1.5146187e-03
   1.7357124e+01   1.5083326e-03
   1.7380830e+01   1.5075807e-03
   1.7438103e+01   1.5011074e-03
   1.7459070e+01   1.4993950e-03
   1.7517357e+01   1.4943525e-03
   1.7555657e+01   1.4907264e-03
   1.7648599e+01   1.4826511e-03
   1.7716494e+01   1.4767620e-03
   1.7744261e+01   1.4765885e-03
   1.7781181e+01   1.4712419e-03
   1.7806793e+01   1.4697182e-03
   1.7831169e+01   1.4669502e-03
   1.7849565e+01   1.4654256e-03
   1.7909399e+01   1.4603416e-03
   1.7955653e+01   1.4564611e-03
   1.7983559e+01   1.4541469e-03
   1.8017570e+01   1.4512940e-03
   1.8054320e+01   1.4482462e-03
   1.8069059e+01   1.4470333e-03
   1.8105883e+01   1.4440064e-03
   1.8135528e+01   1.4422178e-03
   1.8168478e+01   1.4391035e-03
   1.8209633e+01   1.4355078e-03
   1.8271183e+01   1.4312054e-03
   1.8271293e+01   1.4311645e-03
   1.8321147e+01   1.4265273e-03
   1.8366683e+01   1.4228523e-03
   1.8394323e+01   1.4206474e-03
   1.8454766e+01   1.4158529e-03
   1.8499977e+01   1.4122843e-03
   1.8552483e+01   1.4081662e-03
   1.8591956e+01   1.4053145e-03
   1.8637451e+01   1.4015482e-03
   1.8667702e+01   1.3993456e-03
   1.8685175e+01   1.3978744e-03
   1.8743294e+01   1.3934029e-03
   1.8788131e+01   1.3899742e-03
   1.8831211e+01   1.3870212e-03
   1.8874471e+01   1.3834232e-03
   1.8898602e+01   1.3822941e-03
   1.8938811e+01   1.3787508e-03
   1.8979874e+01   1.3759324e-03
   1.8995290e+01   1.3743553e-03
   1.9075698e+01   1.3683897e-03
   1.9107196e+01   1.3660690e-03
   1.9142841e+01   1.3634593e-03
   1.9157814e+01   1.3623492e-03
   1.9195066e+01   1.3601862e-03
   1.9213433e+01   1.3583475e-03
   1.9241347e+01   1.3563141e-03
   1.9302106e+01   1.3525778e-03
   1.9310610e+01   1.3512515e-03
   1.9356489e+01   1.3479540e-03
   1.9375983e+01   1.3465646e-03
   1.9415502e+01   1.3438503e-03
   1.9431932e+01   1.3426052e-03
   1.9472807e+01   1.3396681e-03
   1.9537540e+01   1.3351001e-03
   1.9558514e+01   1.3336287e-03
   1.9609392e+01   1.3300658e-03
   1.9632712e+01   1.3286984e-03
   1.9682099e+01   1.3250106e-03
   1.9753185e+01   1.3201236e-03
   1.9804833e+01   1.3165630e-03
   1.9848801e+01   1.3135636e-03
   1.9900023e+01   1.3104591e-03
   1.9943746e+01   1.3071315e-03
   1.9981627e+01   1.3045979e-03
   2.0053757e+01   1.2997576e-03
   2.0089637e+01   1.2973862e-03
   2.0117103e+01   1.2955490e-03
   2.0200380e+01   1.2913296e-03
   2.0238589e+01   1.2876199e-03
   2.0285344e+01   1.2845055e-03
   2.0314380e+01   1.2826214e-03
   2.0342488e+01   1.2807946e-03
   2.0369683e+01   1.2790368e-03
   2.0405843e+01   1.2767078e-03
   2.0464485e+01   1.2729532e-03
   2.0509392e+01   1.2700829e-03
   2.0524043e+01   1.2692715e-03
   2.0607697e+01   1.2638582e-03
   2.0638590e+01   1.2622738e-03
   2.0718814e+01   1.2568943e-03
   2.0718814e+01   1.2568943e-03
   2.0774646e+01   1.2534305e-03
   2.0814430e+01   1.2515729e-03
   2.0872319e+01   1.2473994e-03
   2.0893807e+01   1.2463119e-03
   2.0933819e+01   1.2437210e-03
   2.0959040e+01   1.2421014e-03
   2.1028552e+01   1.2378992e-03
   2.1028565e+01   1.2378976e-03
   2.1095538e+01   1.2338442e-03
   2.1196882e+01   1.2278810e-03
   2.1219614e+01   1.2264392e-03
   2.1260234e+01   1.2240351e-03
   2.1333994e+01   1.2196951e-03
   2.1411234e+01   1.2152387e-03
   2.1473074e+01   1.2116090e-03
   2.1502724e+01   1.2098664e-03
   2.1521439e+01   1.2088143e-03
   2.1558954e+01   1.2066336e-03
   2.1610526e+01   1.2036687e-03
   2.1649075e+01   1.2014704e-03
   2.1682542e+01   1.2006578e-03
   2.1713869e+01   1.1977941e-03
   2.1763318e+01   1.1950876e-03
   2.1797066e+01   1.1931041e-03
   2.1880777e+01   1.1884747e-03
   2.1928214e+01   1.1857802e-03
   2.2002519e+01   1.1816736e-03
   2.2058263e+01   1.1792780e-03
   2.2107696e+01   1.1759097e-03
   2.2152440e+01   1.1742038e-03
   2.2215219e+01   1.1700715e-03
   2.2232445e+01   1.1692007e-03
   2.2264276e+01   1.1674258e-03
   2.2285211e+01   1.1663598e-03
   2.2336093e+01   1.1635772e-03
   2.2353166e+01   1.1626693e-03
   2.2408291e+01   1.1597337e-03
   2.2442269e+01   1.1579363e-03
   2.2485412e+01   1.1556956e-03
   2.2520539e+01   1.1542931e-03
   2.2599260e+01   1.1496996e-03
   2.2668237e+01   1.1461040e-03
   2.2726787e+01   1.1430755e-03
   2.2796591e+01   1.1394878e-03
   2.2830948e+01   1.1377353e-03
   2.2895572e+01   1.1344406e-03
   2.2917919e+01   1.1333071e-03
   2.2981725e+01   1.1300828e-03
   2.3020439e+01   1.1282883e-03
   2.3057013e+01   1.1272486e-03
   2.3094160e+01   1.1244964e-03
   2.3134696e+01   1.1224324e-03
   2.3176504e+01   1.1203545e-03
   2.3187925e+01   1.1197892e-03
   2.3230845e+01   1.1176901e-03
   2.3278243e+01   1.1153388e-03
   2.3344231e+01   1.1121083e-03
   2.3377100e+01   1.1105067e-03
   2.3437670e+01   1.1075694e-03
   2.3522757e+01   1.1034729e-03
   2.3572131e+01   1.1010986e-03
   2.3619154e+01   1.0988541e-03
   2.3684828e+01   1.0957341e-03
   2.3738983e+01   1.0938672e-03
   2.3795803e+01   1.0905021e-03
   2.3837334e+01   1.0885576e-03
   2.3902504e+01   1.0855301e-03
   2.3922116e+01   1.0846082e-03
   2.3961256e+01   1.0836411e-03
   2.4029049e+01   1.0796678e-03
   2.4089255e+01   1.0769112e-03
   2.4132008e+01   1.0749537e-03
   2.4172845e+01   1.0730968e-03
   2.4230111e+01   1.0704991e-03
   2.4241024e+01   1.0700100e-03
   2.4296192e+01   1.0675210e-03
   2.4310870e+01   1.0668615e-03
   2.4386041e+01   1.0634959e-03
   2.4447113e+01   1.0607776e-03
   2.4462297e+01   1.0601042e-03
   2.4534877e+01   1.0568956e-03
   2.4589279e+01   1.0545339e-03
   2.4626496e+01   1.0528758e-03
   2.4644819e+01   1.0520729e-03
   2.4695020e+01   1.0498875e-03
   2.4695440e+01   1.0498833e-03
   2.4746176e+01   1.0477163e-03
   2.4777670e+01   1.0463290e-03
   2.4825440e+01   1.0442437e-03
   2.4860569e+01   1.0427487e-03
   2.4893675e+01   1.0413165e-03
   2.4962609e+01   1.0383755e-03
   2.4963472e+01   1.0383399e-03
   2.5018250e+01   1.0367841e-03
   2.5045600e+01   1.0348583e-03
   2.5104684e+01   1.0323672e-03
   2.5160560e+01   1.0307524e-03
   2.5213699e+01   1.0278124e-03
   2.5312487e+01   1.0237031e-03
   2.5355925e+01   1.0228841e-03
   2.5386985e+01   1.0206313e-03
   2.5420284e+01   1.0192683e-03
   2.5497549e+01   1.0168545e-03
   2.5556587e+01   1.0137089e-03
   2.5599816e+01   1.0119628e-03
   2.5654137e+01   1.0097701e-03
   2.5681885e+01   1.0086550e-03
   2.5736093e+01   1.0064830e-03
   2.5770522e+01   1.0051098e-03
   2.5834180e+01   1.0025790e-03
   2.5887442e+01   1.0004702e-03
   2.5910857e+01   9.9954809e-04
   2.5967855e+01   9.9742194e-04
   2.5997420e+01   9.9614584e-04
   2.6053130e+01   9.9404174e-04
   2.6139200e+01   9.9063596e-04
   2.6225188e+01   9.8730793e-04
   2.6278989e+01   9.8524341e-04
   2.6315372e+01   9.8385227e-04
   2.6368123e+01   9.8184252e-04
   2.6407377e+01   9.8152256e-04
   2.6433152e+01   9.7940403e-04
   2.6508523e+01   9.7653180e-04
   2.6547096e+01   9.7508360e-04
   2.6583605e+01   9.7371603e-04
   2.6621133e+01   9.7231285e-04
   2.6693569e+01   9.6961793e-04
   2.6736536e+01   9.6802727e-04
   2.6764527e+01   9.6699272e-04
   2.6817828e+01   9.6503101e-04
   2.6850744e+01   9.6382329e-04
   2.6912475e+01   9.6156624e-04
   2.6969383e+01   9.5949488e-04
   2.7029487e+01   9.5731681e-04
   2.7074665e+01   9.5570490e-04
   2.7111381e+01   9.5480892e-04
   2.7160372e+01   9.5266753e-04
   2.7166367e+01   9.5239647e-04
   2.7218950e+01   9.5051472e-04
   2.7233801e+01   9.5001299e-04
   2.7314587e+01   9.4778501e-04
   2.7359109e+01   9.4554421e-04
   2.7422507e+01   9.4331520e-04
   2.7458119e+01   9.4207299e-04
   2.7525207e+01   9.3972261e-04
   2.7556008e+01   9.3865396e-04
   2.7653089e+01   9.3530341e-04
   2.7717578e+01   9.3306727e-04
   2.7733633e+01   9.3251769e-04
   2.7801125e+01   9.3032423e-04
   2.7856073e+01   9.2833460e-04
   2.7908465e+01   9.2655644e-04
   2.7981456e+01   9.2409486e-04
   2.8030881e+01   9.2247782e-04
   2.8065709e+01   9.2126911e-04
   2.8121633e+01   9.1939213e-04
   2.8171994e+01   9.1771686e-04
   2.8233515e+01   9.1570338e-04
   2.8310162e+01   9.1333497e-04
   2.8383373e+01   9.1074599e-04
   2.8472299e+01   9.0784495e-04
   2.8522498e+01   9.0621552e-04
   2.8581817e+01   9.0497104e-04
   2.8581817e+01   9.0497104e-04
   2.8669586e+01   9.0156971e-04
   2.8676337e+01   9.0125883e-04
   2.8725976e+01   8.9967014e-04
   2.8762762e+01   8.9852261e-04
   2.8798763e+01   8.9735198e-04
   2.8843110e+01   8.9596226e-04
   2.8905641e+01   8.9396948e-04
   2.8969141e+01   8.9197186e-04
   2.9021889e+01   8.9033576e-04
   2.9047873e+01   8.9023685e-04
   2.9080275e+01   8.8852247e-04
   2.9099673e+01   8.8789370e-04
   2.9142706e+01   8.8655675e-04
   2.9186794e+01   8.8519150e-04
   2.9221334e+01   8.8412470e-04
   2.9249421e+01   8.8326183e-04
   2.9282239e+01   8.8225153e-04
   2.9332374e+01   8.8071861e-04
   2.9388133e+01   8.7901104e-04
   2.9439792e+01   8.7745696e-04
   2.9485201e+01   8.7606142e-04
   2.9517040e+01   8.7511678e-04
   2.9605331e+01   8.7243887e-04
   2.9650126e+01   8.7109737e-04
   2.9682095e+01   8.7014050e-04
   2.9729600e+01   8.6881046e-04
   2.9776175e+01   8.6734067e-04
   2.9800820e+01   8.6660803e-04
   2.9849282e+01   8.6519492e-04
   2.9914156e+01   8.6326298e-04
   2.9933729e+01   8.6277831e-04
   2.9972528e+01   8.6155014e-04
   3.0060551e+01   8.5900171e-04
   3.0082918e+01   8.5832968e-04
   3.0120899e+01   8.5722699e-04
   3.0197594e+01   8.5509978e-04
   3.0292905e+01   8.5259281e-04
   3.0337613e+01   8.5101206e-04
   3.0398708e+01   8.4924884e-04
   3.0471363e+01   8.4718571e-04
   3.0544580e+01   8.4511730e-04
   3.0576108e+01   8.4423078e-04
   3.0624742e+01   8.4286470e-04
   3.0666630e+01   8.4170914e-04
   3.0763043e+01   8.3931695e-04
   3.0821053e+01   8.3739811e-04
   3.0830294e+01   8.3714330e-04
   3.0892195e+01   8.3543413e-04
   3.0931537e+01   8.3435254e-04
   3.0957354e+01   8.3364490e-04
   3.0989421e+01   8.3276559e-04
   3.1056551e+01   8.3097007e-04
   3.1098832e+01   8.2978379e-04
   3.1151598e+01   8.2836802e-04
   3.1194531e+01   8.2719158e-04
   3.1277736e+01   8.2495225e-04
   3.1366003e+01   8.2258813e-04
   3.1408195e+01   8.2146331e-04
   3.1457512e+01   8.2015262e-04
   3.1512796e+01   8.1868811e-04
   3.1618780e+01   8.1589509e-04
   3.1644005e+01   8.1523331e-04
   3.1703764e+01   8.1367066e-04
   3.1776959e+01   8.1176187e-04
   3.1816580e+01   8.1073371e-04
   3.1852603e+01   8.0979986e-04
   3.1877000e+01   8.0925679e-04
   3.1923168e+01   8.0797808e-04
   3.2004698e+01   8.0588412e-04
   3.2005059e+01   8.0587476e-04
   3.2102500e+01   8.0338631e-04
   3.2139360e+01   8.0244790e-04
   3.2205948e+01   8.0076062e-04
   3.2269508e+01   7.9916547e-04
   3.2310855e+01   7.9811463e-04
   3.2363334e+01   7.9680254e-04
   3.2437621e+01   7.9494616e-04
   3.2490275e+01   7.9365783e-04
   3.2566790e+01   7.9173416e-04
   3.2569345e+01   7.9167137e-04
   3.2640793e+01   7.9043375e-04
   3.2689866e+01   7.8871464e-04
   3.2728116e+01   7.8776688e-04
   3.2753033e+01   7.8715510e-04
   3.2812080e+01   7.8571439e-04
   3.2813468e+01   7.8569553e-04
   3.2871402e+01   7.8427321e-04
   3.2876501e+01   7.8416064e-04
   3.2954915e+01   7.8226573e-04
   3.3027920e+01   7.8056871e-04
   3.3126429e+01   7.7813170e-04
   3.3178775e+01   7.7695067e-04
   3.3210318e+01   7.7613476e-04
   3.3242972e+01   7.7535767e-04
   3.3284888e+01   7.7436519e-04
   3.3351932e+01   7.7278225e-04
   3.3434555e+01   7.7084038e-04
   3.3456155e+01   7.7033403e-04
   3.3527092e+01   7.6867701e-04
   3.3529276e+01   7.6862720e-04
   3.3582899e+01   7.6737798e-04
   3.3582899e+01   7.6737798e-04
   3.3646698e+01   7.6595907e-04
   3.3718397e+01   7.6424305e-04
   3.3750236e+01   7.6350988e-04
   3.3877193e+01   7.6084853e-04
   3.3897315e+01   7.6039806e-04
   3.3958784e+01   7.5874387e-04
   3.4028101e+01   7.5792615e-04
   3.4048307e+01   7.5682122e-04
   3.4124932e+01   7.5518426e-04
   3.4176930e+01   7.5382246e-04
   3.4262763e+01   7.5232280e-04
   3.4362523e+01   7.4968323e-04
   3.4412835e+01   7.4860177e-04
   3.4421946e+01   7.4836849e-04
   3.4491267e+01   7.4683955e-04
   3.4531446e+01   7.4595720e-04
   3.4569828e+01   7.4511573e-04
   3.4613651e+01   7.4416367e-04
   3.4679348e+01   7.4306817e-04
   3.4728659e+01   7.4165162e-04
   3.4747292e+01   7.4125034e-04
   3.4788190e+01   7.4036198e-04
   3.4806986e+01   7.3995569e-04
   3.4845967e+01   7.3911463e-04
   3.4919756e+01   7.3762549e-04
   3.4968018e+01   7.3650573e-04
   3.5020480e+01   7.3537705e-04
   3.5057937e+01   7.3457891e-04
   3.5133628e+01   7.3296627e-04
   3.5182784e+01   7.3192685e-04
   3.5207672e+01   7.3140309e-04
   3.5265024e+01   7.3019179e-04
   3.5265024e+01   7.3019179e-04
   3.5348523e+01   7.2844002e-04
   3.5359075e+01   7.2822054e-04
   3.5407916e+01   7.2719850e-04
   3.5415166e+01   7.2704790e-04
   3.5500026e+01   7.2528960e-04
   3.5558443e+01   7.2407127e-04
   3.5583904e+01   7.2354529e-04
   3.5644079e+01   7.2230482e-04
   3.5649331e+01   7.2219674e-04
   3.5701115e+01   7.2113329e-04
   3.5824434e+01   7.1861146e-04
   3.5883841e+01   7.1740264e-04
   3.5922948e+01   7.1661700e-04
   3.5984403e+01   7.1536640e-04
   3.6036210e+01   7.1432191e-04
   3.6083203e+01   7.1338540e-04
   3.6112074e+01   7.1280124e-04
   3.6169006e+01   7.1165925e-04
   3.6212146e+01   7.1080547e-04
   3.6254674e+01   7.0995347e-04
   3.6321187e+01   7.0863117e-04
   3.6362508e+01   7.0781316e-04
   3.6391265e+01   7.0724616e-04
   3.6486456e+01   7.0537190e-04
   3.6551188e+01   7.0410381e-04
   3.6551188e+01   7.0410381e-04
   3.6621563e+01   7.0272968e-04
   3.6656968e+01   7.0204096e-04
   3.6732075e+01   7.0058313e-04
   3.6755611e+01   7.0030553e-04
   3.6794050e+01   6.9938509e-04
   3.6844811e+01   6.9840698e-04
   3.6914838e+01   6.9706195e-04
   3.6969965e+01   6.9635670e-04
   3.6996637e+01   6.9549812e-04
   3.7099582e+01   6.9362079e-04
   3.7177289e+01   6.9206789e-04
   3.7189105e+01   6.9184330e-04
   3.7235055e+01   6.9097704e-04
   3.7305849e+01   6.8964592e-04
   3.7396701e+01   6.8800899e-04
   3.7449651e+01   6.8721633e-04
   3.7521997e+01   6.8564538e-04
   3.7587262e+01   6.8440730e-04
   3.7587356e+01   6.8440363e-04
   3.7653371e+01   6.8318603e-04
   3.7672058e+01   6.8308695e-04
   3.7734662e+01   6.8169238e-04
   3.7741192e+01   6.8168701e-04
   3.7818578e+01   6.8015724e-04
   3.7861177e+01   6.7938611e-04
   3.7942548e+01   6.7815312e-04
   3.8009917e+01   6.7668793e-04
   3.8029558e+01   6.7633063e-04
   3.8099584e+01   6.7507487e-04
   3.8178385e+01   6.7365282e-04
   3.8191934e+01   6.7342087e-04
   3.8244960e+01   6.7265752e-04
   3.8275178e+01   6.7192564e-04
   3.8330699e+01   6.7108973e-04
   3.8375738e+01   6.7014231e-04
   3.8430555e+01   6.6917234e-04
   3.8511497e+01   6.6799147e-04
   3.8570643e+01   6.6670476e-04
   3.8617810e+01   6.6587749e-04
   3.8672712e+01   6.6506593e-04
   3.8719433e+01   6.6410384e-04
   3.8798244e+01   6.6273536e-04
   3.8823301e+01   6.6230585e-04
   3.8870406e+01   6.6149478e-04
   3.8921289e+01   6.6084458e-04
   3.8931941e+01   6.6042621e-04
   3.8977750e+01   6.5963972e-04
   3.9051741e+01   6.5853344e-04
   3.9143393e+01   6.5680862e-04
   3.9191624e+01   6.5599247e-04
   3.9232430e+01   6.5529579e-04
   3.9322088e+01   6.5378051e-04
   3.9377188e+01   6.5285237e-04
   3.9403667e+01   6.5241131e-04
   3.9465285e+01   6.5137510e-04
   3.9518399e+01   6.5048646e-04
   3.9606424e+01   6.4902039e-04
   3.9623655e+01   6.4873424e-04
   3.9686325e+01   6.4770403e-04
   3.9724810e+01   6.4705881e-04
   3.9774565e+01   6.4634100e-04
   3.9793745e+01   6.4592207e-04
   3.9851094e+01   6.4516586e-04
   3.9870144e+01   6.4466721e-04
   3.9932770e+01   6.4365649e-04
   3.9954778e+01   6.4328264e-04
   3.9989751e+01   6.4271171e-04
   4.0020160e+01   6.4221695e-04
   4.0097699e+01   6.4095717e-04
   4.0138367e+01   6.4029888e-04
   4.0222573e+01   6.3898703e-04
   4.0258783e+01   6.3835905e-04
   4.0315959e+01   6.3743905e-04
   4.0364441e+01   6.3680340e-04
   4.0446870e+01   6.3534750e-04
   4.0483257e+01   6.3476824e-04
   4.0521202e+01   6.3416587e-04
   4.0547748e+01   6.3374495e-04
   4.0598887e+01   6.3295048e-04
   4.0643008e+01   6.3226829e-04
   4.0689168e+01   6.3151171e-04
   4.0735073e+01   6.3079652e-04
   4.0807963e+01   6.2982692e-04
   4.0841069e+01   6.2913440e-04
   4.0904424e+01   6.2814337e-04
   4.0954983e+01   6.2735889e-04
   4.1063825e+01   6.2567141e-04
   4.1110989e+01   6.2494542e-04
   4.1166975e+01   6.2408741e-04
   4.1202081e+01   6.2354855e-04
   4.1269973e+01   6.2250377e-04
   4.1348052e+01   6.2131254e-04
   4.1401791e+01   6.2050870e-04
   4.1460452e+01   6.1960531e-04
   4.1537121e+01   6.1844643e-04
   4.1597521e+01   6.1753627e-04
   4.1666945e+01   6.1649363e-04
   4.1680213e+01   6.1629451e-04
   4.1753153e+01   6.1520368e-04
   4.1801689e+01   6.1447952e-04
   4.1834759e+01   6.1398755e-04
   4.1868194e+01   6.1353398e-04
   4.1896523e+01   6.1307005e-04
   4.1935188e+01   6.1249737e-04
   4.1960309e+01   6.1212624e-04
   4.2000320e+01   6.1153491e-04
   4.2056636e+01   6.1070503e-04
   4.2097175e+01   6.1010930e-04
   4.2165597e+01   6.0910585e-04
   4.2178668e+01   6.0891459e-04
   4.2230990e+01   6.0815385e-04
   4.2279472e+01   6.0744360e-04
   4.2337752e+01   6.0659692e-04
   4.2428684e+01   6.0538634e-04
   4.2492763e+01   6.0444444e-04
   4.2575581e+01   6.0316374e-04
   4.2610209e+01   6.0266997e-04
   4.2667555e+01   6.0184653e-04
   4.2741913e+01   6.0078533e-04
   4.2755926e+01   6.0058591e-04
   4.2796733e+01   6.0000571e-04
   4.2885686e+01   5.9874520e-04
   4.2936206e+01   5.9803125e-04
   4.2962843e+01   5.9765613e-04
   4.3022887e+01   5.9681147e-04
   4.3064282e+01   5.9623133e-04
   4.3084458e+01   5.9594688e-04
   4.3138301e+01   5.9519312e-04
   4.3163183e+01   5.9484564e-04
   4.3257787e+01   5.9353259e-04
   4.3306935e+01   5.9284559e-04
   4.3362767e+01   5.9236896e-04
   4.3420127e+01   5.9143653e-04
   4.3474380e+01   5.9053277e-04
   4.3494118e+01   5.9040049e-04
   4.3551055e+01   5.8948905e-04
   4.3611506e+01   5.8865562e-04
   4.3641677e+01   5.8824029e-04
   4.3684075e+01   5.8767189e-04
   4.3746813e+01   5.8681263e-04
   4.3754200e+01   5.8671218e-04
   4.3803728e+01   5.8603605e-04
   4.3860636e+01   5.8527650e-04
   4.3911025e+01   5.8458741e-04
   4.3935598e+01   5.8440754e-04
   4.3999287e+01   5.8339832e-04
   4.4099163e+01   5.8206015e-04
   4.4115476e+01   5.8186292e-04
   4.4208213e+01   5.8061022e-04
   4.4250756e+01   5.8029623e-04
   4.4293465e+01   5.7947447e-04
   4.4375496e+01   5.7839019e-04
   4.4458459e+01   5.7733630e-04
   4.4474605e+01   5.7709452e-04
   4.4538832e+01   5.7624231e-04
   4.4597556e+01   5.7547389e-04
   4.4637792e+01   5.7494881e-04
   4.4719206e+01   5.7388866e-04
   4.4774772e+01   5.7385309e-04
   4.4832573e+01   5.7241992e-04
   4.4892667e+01   5.7165366e-04
   4.4892670e+01   5.7165366e-04
   4.4948620e+01   5.7092774e-04
   4.4967479e+01   5.7068373e-04
   4.5024891e+01   5.6994481e-04
   4.5045587e+01   5.6967923e-04
   4.5089897e+01   5.6911380e-04
   4.5113438e+01   5.6881147e-04
   4.5182289e+01   5.6793665e-04
   4.5207828e+01   5.6760927e-04
   4.5271684e+01   5.6680131e-04
   4.5293136e+01   5.6652757e-04
   4.5353749e+01   5.6586482e-04
   4.5440966e+01   5.6471393e-04
   4.5451759e+01   5.6452572e-04
   4.5496094e+01   5.6396976e-04
   4.5541307e+01   5.6340159e-04
   4.5583768e+01   5.6287714e-04
   4.5615554e+01   5.6263960e-04
   4.5680280e+01   5.6167585e-04
   4.5712894e+01   5.6126509e-04
   4.5768696e+01   5.6057111e-04
   4.5785425e+01   5.6050173e-04
   4.5837890e+01   5.5971236e-04
   4.5848159e+01   5.5958756e-04
   4.5910884e+01   5.5881104e-04
   4.5951952e+01   5.5837913e-04
   4.6032618e+01   5.5732300e-04
   4.6087460e+01   5.5664868e-04
   4.6116229e+01   5.5629252e-04
   4.6175573e+01   5.5579652e-04
   4.6231667e+01   5.5488689e-04
   4.6280897e+01   5.5428941e-04
   4.6335224e+01   5.5363189e-04
   4.6397797e+01   5.5287649e-04
   4.6448310e+01   5.5226805e-04
   4.6507065e+01   5.5156204e-04
   4.6517542e+01   5.5143585e-04
   4.6572342e+01   5.5077941e-04
   4.6622658e+01   5.5017826e-04
   4.6706984e+01   5.4917244e-04
   4.6761665e+01   5.4852556e-04
   4.6837388e+01   5.4762532e-04
   4.6881836e+01   5.4710486e-04
   4.6904509e+01   5.4683217e-04
   4.6989370e+01   5.4583473e-04
   4.7020056e+01   5.4547222e-04
   4.7070390e+01   5.4514152e-04
   4.7128892e+01   5.4420212e-04
   4.7222588e+01   5.4310507e-04
   4.7256602e+01   5.4270950e-04
   4.7302659e+01   5.4217520e-04
   4.7383020e+01   5.4124945e-04
   4.7427240e+01   5.4073563e-04
   4.7463616e+01   5.4031847e-04
   4.7526309e+01   5.3959837e-04
   4.7557556e+01   5.3923496e-04
   4.7594602e+01   5.3881503e-04
   4.7656934e+01   5.3810073e-04
   4.7685485e+01   5.3777245e-04
   4.7713903e+01   5.3744857e-04
   4.7741821e+01   5.3714951e-04
   4.7805663e+01   5.3640360e-04
   4.7834702e+01   5.3610660e-04
   4.7888821e+01   5.3546146e-04
   4.7964919e+01   5.3460199e-04
   4.8029731e+01   5.3387266e-04
   4.8045861e+01   5.3369481e-04
   4.8103766e+01   5.3304208e-04
   4.8222531e+01   5.3178253e-04
   4.8265829e+01   5.3123430e-04
   4.8349640e+01   5.3029877e-04
   4.8403058e+01   5.2970801e-04
   4.8441202e+01   5.2928493e-04
   4.8489366e+01   5.2875434e-04
   4.8563793e+01   5.2793385e-04
   4.8603621e+01   5.2749572e-04
   4.8638126e+01   5.2711778e-04
   4.8733381e+01   5.2607576e-04
   4.8787991e+01   5.2552208e-04
   4.8841775e+01   5.2489462e-04
   4.8848603e+01   5.2482041e-04
   4.8934711e+01   5.2388615e-04
   4.8960849e+01   5.2360324e-04
   4.9000304e+01   5.2318350e-04
   4.9053209e+01   5.2260601e-04
   4.9085552e+01   5.2225826e-04
   4.9135206e+01   5.2172578e-04
   4.9152446e+01   5.2153895e-04
   4.9207846e+01   5.2094494e-04
   4.9242752e+01   5.2057193e-04
   4.9287300e+01   5.2009918e-04
   4.9390726e+01   5.1899504e-04
   4.9455886e+01   5.1830278e-04
   4.9469542e+01   5.1815870e-04
   4.9525864e+01   5.1756208e-04
   4.9581312e+01   5.1697701e-04
   4.9623995e+01   5.1653005e-04
   4.9638732e+01   5.1637203e-04
   4.9702086e+01   5.1570642e-04
   4.9782099e+01   5.1487299e-04
   4.9833050e+01   5.1451978e-04
   4.9889815e+01   5.1374413e-04
   4.9946326e+01   5.1315635e-04
   4.9975638e+01   5.1285499e-04
   5.0059960e+01   5.1197853e-04
   5.0102082e+01   5.1154355e-04
   5.0145310e+01   5.1109756e-04
   5.0215842e+01   5.1037493e-04
   5.0274657e+01   5.0976897e-04
   5.0327652e+01   5.0940331e-04
   5.0369447e+01   5.0880432e-04
   5.0438878e+01   5.0809014e-04
   5.0449056e+01   5.0798893e-04
   5.0536409e+01   5.0709876e-04
   5.0583313e+01   5.0662332e-04
   5.0650571e+01   5.0594338e-04
   5.0730843e+01   5.0513346e-04
   5.0779675e+01   5.0467629e-04
   5.0826822e+01   5.0416936e-04
   5.0860336e+01   5.0383310e-04
   5.0912860e+01   5.0331046e-04
   5.0951139e+01   5.0292547e-04
   5.1018668e+01   5.0225390e-04
   5.1102732e+01   5.0141715e-04
   5.1126715e+01   5.0118128e-04
   5.1173351e+01   5.0075116e-04
   5.1233835e+01   5.0012029e-04
   5.1259306e+01   4.9986887e-04
   5.1367816e+01   4.9880377e-04
   5.1416524e+01   4.9834690e-04
   5.1463311e+01   4.9786582e-04
   5.1515425e+01   4.9736094e-04
   5.1601082e+01   4.9652240e-04
   5.1665680e+01   4.9589476e-04
   5.1689471e+01   4.9566447e-04
   5.1756023e+01   4.9501981e-04
   5.1802114e+01   4.9457477e-04
   5.1921211e+01   4.9342825e-04
   5.1981755e+01   4.9284695e-04
   5.1999487e+01   4.9267723e-04
   5.2054038e+01   4.9218775e-04
   5.2070759e+01   4.9199574e-04
   5.2119036e+01   4.9154260e-04
   5.2172337e+01   4.9102784e-04
   5.2187002e+01   4.9088793e-04
   5.2257243e+01   4.9022137e-04
   5.2303301e+01   4.8980827e-04
   5.2382887e+01   4.8903848e-04
   5.2389696e+01   4.8897421e-04
   5.2460397e+01   4.8830283e-04
   5.2519953e+01   4.8774293e-04
   5.2564650e+01   4.8732370e-04
   5.2610606e+01   4.8712353e-04
   5.2632939e+01   4.8669313e-04
   5.2689184e+01   4.8615963e-04
   5.2715093e+01   4.8591861e-04
   5.2776522e+01   4.8534696e-04
   5.2806497e+01   4.8507819e-04
   5.2864864e+01   4.8452713e-04
   5.2933553e+01   4.8389175e-04
   5.2995067e+01   4.8332958e-04
   5.3055192e+01   4.8278519e-04
   5.3061379e+01   4.8271406e-04
   5.3125964e+01   4.8213264e-04
   5.3158689e+01   4.8182068e-04
   5.3249866e+01   4.8098749e-04
   5.3396682e+01   4.7965104e-04
   5.3478772e+01   4.7890723e-04
   5.3530930e+01   4.7843525e-04
   5.3566795e+01   4.7811162e-04
   5.3612855e+01   4.7791803e-04
   5.3715607e+01   4.7677360e-04
   5.3772174e+01   4.7626678e-04
   5.3812836e+01   4.7590295e-04
   5.3859176e+01   4.7548919e-04
   5.3910056e+01   4.7503583e-04
   5.3915040e+01   4.7499153e-04
   5.3968568e+01   4.7459387e-04
   5.4063698e+01   4.7367190e-04
   5.4101914e+01   4.7333379e-04
   5.4153506e+01   4.7287860e-04
   5.4179972e+01   4.7265781e-04
   5.4276108e+01   4.7179911e-04
   5.4302304e+01   4.7169722e-04
   5.4407057e+01   4.7065225e-04
   5.4449156e+01   4.7028423e-04
   5.4488989e+01   4.6994528e-04
   5.4538053e+01   4.6951019e-04
   5.4600647e+01   4.6912933e-04
   5.4630414e+01   4.6871493e-04
   5.4711749e+01   4.6800465e-04
   5.4802214e+01   4.6722363e-04
   5.4865808e+01   4.6667721e-04
   5.4907366e+01   4.6631989e-04
   5.4943231e+01   4.6601223e-04
   5.5021863e+01   4.6533950e-04
   5.5050887e+01   4.6516926e-04
   5.5104112e+01   4.6463833e-04
   5.5110880e+01   4.6458150e-04
   5.5174191e+01   4.6404389e-04
   5.5223550e+01   4.6362297e-04
   5.5286367e+01   4.6309608e-04
   5.5310929e+01   4.6288840e-04
   5.5389801e+01   4.6221739e-04
   5.5450710e+01   4.6170452e-04
   5.5484286e+01   4.6142234e-04
   5.5553941e+01   4.6083795e-04
   5.5609900e+01   4.6036949e-04
   5.5714736e+01   4.5949469e-04
   5.5771401e+01   4.5905279e-04
   5.5788182e+01   4.5888582e-04
   5.5843387e+01   4.5842554e-04
   5.5858614e+01   4.5829946e-04
   5.5904092e+01   4.5792258e-04
   5.5935726e+01   4.5766118e-04
   5.6016805e+01   4.5706372e-04
   5.6050917e+01   4.5671123e-04
   5.6075997e+01   4.5652979e-04
   5.6126274e+01   4.5609207e-04
   5.6180261e+01   4.5564933e-04
   5.6224032e+01   4.5529116e-04
   5.6324696e+01   4.5446918e-04
   5.6381918e+01   4.5400339e-04
   5.6443168e+01   4.5350592e-04
   5.6533876e+01   4.5277226e-04
   5.6601687e+01   4.5222343e-04
   5.6630898e+01   4.5207721e-04
   5.6664113e+01   4.5172011e-04
   5.6691912e+01   4.5149672e-04
   5.6729954e+01   4.5119076e-04
   5.6773031e+01   4.5084516e-04
   5.6848397e+01   4.5024173e-04
   5.6866485e+01   4.5009751e-04
   5.6932143e+01   4.4957813e-04
   5.7001672e+01   4.4901914e-04
   5.7070282e+01   4.4847383e-04
   5.7128748e+01   4.4801078e-04
   5.7140072e+01   4.4792072e-04
   5.7221091e+01   4.4730352e-04
   5.7259994e+01   4.4698100e-04
   5.7310174e+01   4.4657828e-04
   5.7411684e+01   4.4578125e-04
   5.7444469e+01   4.4552423e-04
   5.7503052e+01   4.4506597e-04
   5.7557032e+01   4.4464992e-04
   5.7657595e+01   4.4401403e-04
   5.7712120e+01   4.4347268e-04
   5.7745610e+01   4.4318101e-04
   5.7790801e+01   4.4282839e-04
   5.7837663e+01   4.4246616e-04
   5.7902163e+01   4.4198294e-04
   5.7969049e+01   4.4145376e-04
   5.7969049e+01   4.4145376e-04
   5.8106732e+01   4.4040023e-04
   5.8151483e+01   4.4005553e-04
   5.8214218e+01   4.3958275e-04
   5.8252576e+01   4.3928496e-04
   5.8284686e+01   4.3904000e-04
